1	6.874862814591331
0	0.0
1	1.2918925590975823
1	7.689483320885717
0	0.0
0	0.0
1	5.315437386042628
1	1.2869667447888764
0	0.0
0	0.0
0	0.0
1	1.1739988694944543
1	2.585299110654818
0	0.0
1	1.470007451975829
1	2.716859900399589
1	1.298498488115258
0	0.0
1	3.702037820331708
0	0.0
1	6.022529205141904
0	0.0
1	1.2804165471807432
1	5.011804370905066
1	4.565770690926137
0	0.0
1	6.354977281229198
1	8.383436950087487
1	0.953368570239537
1	1.318390798888542
1	3.975926311837297
1	3.921197662036783
0	0.0
1	1.562484316961101
0	0.0
1	0.9081029994724282
1	1.1564519946437413
1	3.00427762516394
1	5.11375511031364
1	1.5996992390896296
0	0.0
1	3.245271989359832
1	2.8686845017289957
1	8.230838487181071
1	1.4108836258286042
1	1.001058330202682
1	4.512589356850101
1	7.104423855028557
1	5.244806948521983
1	3.4128274200169706
1	3.884021265436891
1	1.3361240861072115
1	3.054619867841992
1	3.2120380917579
1	3.048972031865494
0	0.0
1	1.2550033351650085
1	2.366114515315219
0	0.0
0	0.0
1	2.8771634461321036
0	0.0
1	4.877019995793777
0	0.0
0	0.0
1	5.441258083312753
1	6.939686643545615
1	3.3586794737140715
0	0.0
0	0.0
0	0.0
1	2.5625783706041863
1	8.4031237111716
1	3.624771541442323
0	0.0
0	0.0
1	3.136473731468618
0	0.0
0	0.0
0	0.0
0	0.0
1	3.428384335729751
0	0.0
1	1.3785292955283293
1	3.656978153443532
1	4.850591926782296
0	0.0
1	2.793442475926242
0	0.0
0	0.0
0	0.0
1	0.9412156367498978
1	2.9455349154883868
1	2.5146332463689816
1	7.917633570322751
1	1.093514869216257
1	6.905762303840203
0	0.0
0	0.0
1	3.240864566474918
