1	1.0479844780872591
0	0.0
0	0.0
1	6.32257424434938
1	1.596370316468763
1	3.223691417506928
1	6.812351486948556
1	1.0722549020175978
1	8.132789982086308
0	0.0
1	1.3322754131890457
0	0.0
0	0.0
1	6.8694191692635
1	3.169400740982204
0	0.0
1	5.365422126127894
1	7.440983123975014
1	6.4878437432349525
1	7.73414328607972
1	4.745470429177647
1	1.5562074976109286
1	5.876391878443663
0	0.0
1	5.995805164914185
1	8.313130834183555
0	0.0
1	5.1876231412505325
1	6.8243511943716335
1	1.0688852183327375
1	1.2996315752824361
1	5.304491294591984
0	0.0
1	3.047054604427677
0	0.0
1	1.1802461023112176
0	0.0
1	3.582366025832775
1	1.4008205129325328
1	7.944299985290399
1	8.19686609387874
1	1.1918046008465566
1	7.794744095327981
1	1.5925941761427418
0	0.0
1	3.2363404567802077
0	0.0
1	7.420360924732174
1	1.118100806645577
1	1.4874736904156172
0	0.0
1	4.946674889406107
1	8.481312228280725
1	2.454193830927114
1	6.642905281738941
1	2.7888627800363857
1	2.426387734236252
1	7.965855224485307
1	3.632312911616447
0	0.0
0	0.0
1	1.2965664315351257
0	0.0
1	7.404755517929575
1	3.690209367705898
0	0.0
1	5.213527732637388
0	0.0
0	0.0
1	7.74013800620529
0	0.0
1	3.4829465203905756
0	0.0
0	0.0
1	4.554382564679576
0	0.0
1	7.916037571007508
0	0.0
0	0.0
0	0.0
0	0.0
0	0.0
1	1.0662684582345114
1	3.882653531891821
1	3.324629444467687
1	6.983535497346446
0	0.0
0	0.0
0	0.0
1	8.498574191762085
0	0.0
0	0.0
1	1.5269819913221205
1	2.943897377908956
1	3.5567853346094314
1	3.9573771041747112
1	1.1480914389805714
0	0.0
1	2.8270069147277335
1	5.934747690174042
