0	0.0
0	0.0
1	7.427286121143251
1	1.2741394639072254
1	6.10239984248522
0	0.0
1	3.7732776470028835
1	7.707721892221063
0	0.0
0	0.0
0	0.0
0	0.0
0	0.0
0	0.0
0	0.0
1	2.700767229263669
0	0.0
0	0.0
1	3.761284808998522
0	0.0
1	3.020755184791845
0	0.0
1	3.4403126982898438
1	0.9409501724796142
1	3.3046361609673274
1	2.882035966285232
1	2.9754372482001594
1	2.6114998617010787
1	1.3728155050614648
1	1.471685123739289
1	0.971180863194126
0	0.0
0	0.0
1	3.6199741324121453
1	7.386328953358093
0	0.0
0	0.0
1	0.9214349639374897
0	0.0
1	5.022554834876483
0	0.0
0	0.0
1	5.669132273478831
1	4.691806119560767
1	5.35887181376437
1	3.2874894725845887
0	0.0
0	0.0
1	1.2625238337965352
1	3.14294994933037
1	2.5552653655289954
0	0.0
1	2.3654735691552986
1	5.674590714000557
1	3.472660828065044
1	3.6048550747946457
1	3.3161558370328383
1	6.830029671556586
1	2.7919851364219848
0	0.0
1	7.409659748573139
1	6.460492015463267
0	0.0
1	8.593077122913533
0	0.0
0	0.0
0	0.0
1	2.728157991550276
0	0.0
0	0.0
1	2.649893575054969
0	0.0
0	0.0
1	0.9220256113092972
0	0.0
1	1.0615130701258209
0	0.0
0	0.0
1	3.81844604836174
0	0.0
0	0.0
0	0.0
1	1.0770975501253668
0	0.0
1	3.1655182168416895
1	7.209604956678312
1	1.5170539905525087
1	1.107241113851709
0	0.0
0	0.0
0	0.0
0	0.0
1	7.236976504045567
1	3.9796509662344968
0	0.0
1	1.487484296582838
1	1.5136763250831482
1	5.124165929349519
0	0.0
1	5.825631656639573
