1	1.1208917432380587
1	3.7684690154025247
1	6.463887737564643
0	0.0
1	2.5965311968617537
1	3.7216363529581065
1	2.807112338481781
1	6.593253648998985
1	7.38612492590272
1	1.0765336912152443
0	0.0
1	8.595373547678854
0	0.0
1	2.6150359419987947
0	0.0
1	8.050834712504896
0	0.0
1	2.7897863262561433
1	3.816311898824379
1	1.599153816234062
1	3.3671233918464267
1	0.9835728531230963
1	1.5173704520770603
0	0.0
0	0.0
1	2.791345167464901
1	1.0983841601839637
0	0.0
1	1.4699901674987337
0	0.0
0	0.0
1	4.973716525112975
1	1.1615117402842445
1	0.9359964034424527
0	0.0
0	0.0
0	0.0
0	0.0
0	0.0
1	2.750061635370566
0	0.0
0	0.0
1	1.484320486021037
1	3.818112379380508
1	6.330317621716695
0	0.0
0	0.0
1	2.983628674783385
1	1.1762627442251543
1	3.8598300939687857
1	2.4362558532600693
1	1.1624874442301405
0	0.0
1	8.518201646051734
0	0.0
1	0.9329354166088979
1	5.416150564238466
1	1.1453050312158437
1	1.0703192258942407
0	0.0
1	2.427808183824698
0	0.0
1	1.117734994361022
1	4.692920975899818
1	1.2544992438352707
1	2.380386077187909
0	0.0
0	0.0
0	0.0
0	0.0
1	1.154513075572367
1	3.892788094772317
1	3.7723698735939175
0	0.0
1	1.0832781577131336
1	3.6019449655626588
1	2.7813097835498013
1	3.8710607105049832
0	0.0
0	0.0
0	0.0
1	1.141619649527792
1	6.647268722072279
0	0.0
0	0.0
1	2.2828780391009222
1	2.9130134638737135
0	0.0
1	1.377060117235124
0	0.0
0	0.0
0	0.0
1	1.2901327547118888
0	0.0
0	0.0
1	1.3601755377612479
1	4.566448253087965
0	0.0
1	2.9684346952971286
1	6.343132906026447
