1	3.687788111416902
0	0.0
1	1.3867689449207021
0	0.0
1	3.891571497998252
1	5.440572674311094
0	0.0
1	3.8965644184133534
1	1.0323649301811921
1	7.8965613143644955
0	0.0
1	1.5740867668852028
0	0.0
0	0.0
1	1.1733921637995155
1	3.662931399697673
0	0.0
0	0.0
0	0.0
0	0.0
0	0.0
1	3.1987915554245627
0	0.0
0	0.0
0	0.0
1	1.4361196082331693
0	0.0
1	3.7624332795538735
0	0.0
0	0.0
1	1.1924824869098698
1	1.1832747986480865
0	0.0
1	7.883285482026932
0	0.0
0	0.0
1	1.337644561574915
1	1.0145275635402684
1	6.974736441529734
0	0.0
1	7.0702704755247
1	8.408071304816154
0	0.0
1	3.006571646062087
0	0.0
1	3.7334403453951417
0	0.0
0	0.0
0	0.0
1	7.082231795287675
1	2.863095469675933
1	1.400070902673475
1	1.194117380976704
1	8.114466527895374
0	0.0
1	2.9833801860621985
1	2.892502338978882
0	0.0
1	1.4335486198683944
1	1.5639910143388085
1	3.672948382814178
1	6.391589033229004
1	3.367106096862121
0	0.0
0	0.0
0	0.0
1	5.18641520986661
0	0.0
1	1.4052832823678334
0	0.0
1	1.2075697340353948
1	7.912223272861731
1	1.4992257858450624
1	2.5645847865848217
1	8.28262741939388
0	0.0
0	0.0
1	3.770221844194699
1	8.436841116329578
1	6.694971023564137
0	0.0
1	1.4179239557235315
0	0.0
0	0.0
1	3.915792716520326
1	5.553216473685537
0	0.0
1	7.524169675950531
0	0.0
0	0.0
1	5.435495871871792
1	1.5728772530055233
1	1.2252627928793918
0	0.0
1	1.5200452977487853
0	0.0
0	0.0
1	1.0536469200477458
1	3.3397158498353186
1	1.3559196743820259
