1	3.5739487441089213
1	2.405744036575315
1	3.4697088842953145
1	2.519839332125783
1	1.36647063836323
0	0.0
1	1.3745345759861562
0	0.0
1	6.475087947533163
0	0.0
1	1.1336927961117587
1	3.947840015969368
0	0.0
1	3.1348342887303047
1	1.2888435637463247
0	0.0
1	1.1392983767156593
1	2.6759708786432403
0	0.0
1	4.861276148110877
1	6.824937940208698
0	0.0
1	3.651203882641775
0	0.0
1	1.4247118414051254
1	5.587317646741234
1	3.0867771370014507
1	0.9236075728454184
0	0.0
0	0.0
1	7.834254471115785
0	0.0
0	0.0
0	0.0
1	3.5561278545519626
0	0.0
1	6.806990936162563
0	0.0
1	6.7897947025907275
0	0.0
0	0.0
1	8.254960027791245
1	3.642731299214563
0	0.0
1	3.108286565964496
1	2.2558422252928754
1	7.4073198771149
0	0.0
0	0.0
1	1.4935931536632365
1	5.212576717198119
1	3.7219471030529965
1	3.1332775928094065
1	8.252127096395698
0	0.0
0	0.0
0	0.0
0	0.0
1	1.3777988226980984
1	2.4742690936461593
0	0.0
1	1.3303105703883173
1	5.284425701510011
1	4.549427326210193
0	0.0
0	0.0
1	3.9541397011823274
0	0.0
1	8.345129048392646
1	8.086474611699051
1	1.4183042537677744
1	3.170844742746294
0	0.0
1	1.3104965791502545
1	3.4429526209090997
0	0.0
1	2.5668949368242413
1	5.132745650745627
0	0.0
1	2.7325321618628795
0	0.0
1	1.180240481147514
1	7.243415284888922
1	3.944586419329985
1	3.3090585239445813
0	0.0
1	1.4194691168214706
1	3.1508035579920417
1	1.0015998421501084
0	0.0
1	1.5012872362125038
0	0.0
1	3.291452685759286
0	0.0
0	0.0
1	2.8691823383447073
0	0.0
1	5.616004776400607
1	3.509475221685436
1	6.419094559830962
