0	0.0
1	2.2937030126755698
0	0.0
1	7.587493302065106
1	6.255952374143351
1	1.3477019700140431
1	1.4937621780832324
0	0.0
0	0.0
1	1.575673912456942
1	5.836004619026209
1	6.834984341498037
0	0.0
0	0.0
1	0.9179623585418327
1	2.455491798050459
0	0.0
1	1.3050518361771717
1	2.9117898646944855
1	1.5425468928906505
1	6.281740644330557
1	1.2195069191490706
1	3.3348752094493497
0	0.0
1	1.42399726870544
1	2.620299825579319
0	0.0
1	0.9821747446248759
1	1.359297259463725
1	3.252623824511567
1	3.7803409252681632
0	0.0
1	3.348353335121882
1	7.843921639263191
0	0.0
1	1.1386538161805249
1	1.372901720828053
0	0.0
0	0.0
0	0.0
0	0.0
1	7.296422280018949
0	0.0
0	0.0
1	7.929118767663302
1	1.3917325659661435
1	3.810286106350359
0	0.0
1	0.9821256899109979
0	0.0
1	5.2938151711790224
0	0.0
0	0.0
0	0.0
0	0.0
1	4.741368203860584
0	0.0
1	1.5548713487903587
1	3.9546772559448
0	0.0
0	0.0
0	0.0
0	0.0
0	0.0
1	1.2088509942254968
1	3.775237734370926
1	5.324854754945278
0	0.0
0	0.0
1	0.9425317180338021
0	0.0
1	2.8972196133065156
1	8.378676844641568
1	1.2930296780772355
1	3.3833571993989624
1	2.913930787089987
0	0.0
1	3.3169488560597737
1	6.47062161614985
1	2.7246794384224358
1	4.907450380236576
1	3.0347206583277813
0	0.0
1	6.7461573738877405
1	1.120306769976045
1	1.130580338898966
0	0.0
1	2.4579157714598767
1	1.434297291948563
1	6.735238127344823
0	0.0
1	1.5905760072668866
1	0.9501707768432194
1	1.1647432064253254
1	3.3631921125696587
1	1.098421395651758
0	0.0
0	0.0
0	0.0
0	0.0
