1	6.829488440661261
1	5.889685105234802
1	0.9560735566029857
1	6.1110221880846
1	4.470170553774884
0	0.0
1	2.4679965312046295
1	4.8610491948388
1	1.0365312649505127
1	3.892083069584439
0	0.0
1	3.5403094216965103
1	5.353525645484485
0	0.0
0	0.0
0	0.0
1	4.682747478315457
0	0.0
0	0.0
1	5.896982390190604
0	0.0
0	0.0
1	1.0088866825835978
0	0.0
0	0.0
1	1.003609537391657
1	6.568421285900006
1	1.1965393729100025
1	2.611684389830802
0	0.0
1	1.0493256025489281
0	0.0
0	0.0
0	0.0
1	5.939940525220135
0	0.0
1	4.680915197444966
1	1.5672253821838993
1	7.219569610192488
0	0.0
0	0.0
0	0.0
0	0.0
1	1.3144591914085835
1	8.398587762532957
1	0.9851565420254063
0	0.0
1	5.0869554664527215
1	1.3036355549020584
1	5.755504998356988
0	0.0
1	3.2386105962411142
0	0.0
1	1.2577540320833474
0	0.0
1	3.0483221740715463
0	0.0
1	6.102876205401693
1	1.200778947618317
1	3.37699156337302
1	0.985748085283799
1	1.018297266073715
1	2.390864250389277
1	2.74670349634264
0	0.0
0	0.0
0	0.0
0	0.0
1	3.31922052583416
0	0.0
0	0.0
0	0.0
1	8.273821458512032
1	2.4631753030079446
0	0.0
1	1.4126428035779504
0	0.0
0	0.0
0	0.0
1	3.1910438493396387
0	0.0
0	0.0
0	0.0
1	0.9685685429806788
1	3.0630154272544043
1	2.2786074038561543
0	0.0
1	1.3093514160775923
0	0.0
0	0.0
1	3.9047164491924446
0	0.0
0	0.0
1	1.1869150066675154
1	8.037944113154802
0	0.0
0	0.0
1	1.4726539774619396
1	7.030272780873527
0	0.0
