1	6.232728866209497
1	1.2096152670002438
0	0.0
1	7.043971311323489
0	0.0
0	0.0
1	1.5168479317952923
1	2.2932364835874566
0	0.0
0	0.0
0	0.0
1	1.0103348588739318
1	1.0412245017748185
1	3.288422572274639
1	0.9278890019222026
0	0.0
1	3.802361885931565
1	5.015209101913519
1	5.894787484697204
0	0.0
0	0.0
0	0.0
0	0.0
1	8.058470193660085
1	1.3297676184040932
1	3.2313428457100932
1	4.992168599369225
1	7.116794205146139
0	0.0
1	7.791800846426224
1	3.9190927602087973
1	1.2993638537007999
1	7.65046381461542
0	0.0
1	7.466654132149851
0	0.0
1	1.500110276107172
1	5.078044616496338
1	2.872748016777305
1	0.9865388908293572
0	0.0
1	4.861930239015497
1	7.521440693778778
1	3.8138368727734973
1	5.564113738110398
0	0.0
0	0.0
0	0.0
1	8.43336716055208
1	3.723170378261605
1	0.9394840037196511
1	1.0470505860561081
0	0.0
1	1.4048377938044982
0	0.0
0	0.0
1	2.6161062033603972
0	0.0
0	0.0
1	1.0101771350543263
0	0.0
1	1.1734272828764958
1	2.2692059030530713
1	4.664410661313184
1	6.931976802592448
0	0.0
1	7.616588857958034
0	0.0
1	1.205855295409322
0	0.0
1	8.272878208144618
1	7.477750763255414
1	2.4106208839340053
1	1.5477721988563538
1	1.5392098525687965
0	0.0
1	1.3098932720131833
1	1.1426880678885702
1	3.6010946558318397
1	2.697063045251245
0	0.0
1	1.2486415108672162
0	0.0
0	0.0
1	1.2730039959416248
1	3.9091259624204513
0	0.0
0	0.0
1	1.3746191480026373
1	3.1690089827664907
1	7.181763983204936
1	7.393122523528239
0	0.0
1	1.0700362119321487
1	1.3976618224836317
0	0.0
0	0.0
1	3.523485708008572
1	6.663532106163331
1	2.554329941064851
