1	1.2756981386875519
1	3.065577814669038
0	0.0
0	0.0
1	1.0046847559351695
0	0.0
1	8.31871229703111
0	0.0
1	2.3781968546802146
0	0.0
1	8.540894970424901
1	3.083758316090686
0	0.0
1	1.5934404548242318
1	6.592572044613182
1	6.384100709420429
1	3.175939847808985
1	1.3352363533813474
1	1.0527324666570195
1	5.59908475312999
1	1.414332943822782
0	0.0
0	0.0
0	0.0
1	7.340311425230775
1	1.491246283999287
0	0.0
1	7.533137943380128
0	0.0
0	0.0
0	0.0
0	0.0
0	0.0
1	3.0972788167946574
1	7.975107542322119
1	1.1582702796001354
1	2.607725796900418
1	3.4987905746008554
0	0.0
1	7.9482631328989175
1	1.373559680275239
1	1.4799907079630148
0	0.0
1	3.5936434504255224
0	0.0
1	2.4656352188412116
1	4.532643655369557
0	0.0
1	2.635542122271695
1	8.048158224412184
0	0.0
0	0.0
1	3.8324966378519965
0	0.0
0	0.0
0	0.0
1	1.4134321748978675
1	8.591398326307097
1	1.599748973063102
0	0.0
0	0.0
1	1.2205335201067897
1	1.5003363501006475
1	2.3262909169320873
1	1.5579348600870313
1	3.881542534073797
0	0.0
0	0.0
1	3.931389605974778
0	0.0
1	5.410292514956997
1	1.1096171721462866
0	0.0
1	4.82396371766125
0	0.0
1	7.110260742757665
1	1.2111265456675322
1	0.9931726223554798
1	1.1522966996184647
1	7.7042142384174195
1	0.9581492578625505
0	0.0
0	0.0
0	0.0
1	3.9621210214228184
1	7.912199518783523
0	0.0
1	1.0803771037456555
0	0.0
0	0.0
0	0.0
1	1.0181601800911904
1	7.755630498165949
0	0.0
0	0.0
1	1.4398547883016755
1	3.1009435472091935
0	0.0
1	1.4457450844064956
0	0.0
