1	1.0098836590739717
0	0.0
0	0.0
1	2.5431982177812684
1	2.9628637412930354
0	0.0
1	1.0743776618588763
0	0.0
1	3.4396967316484854
1	5.128988010111868
1	7.61251717634717
1	5.524686344313217
1	6.268004152375946
0	0.0
1	1.000021081431122
0	0.0
0	0.0
1	2.3944690450182007
1	0.9620679166336437
1	7.832576779819999
1	2.781584750357165
1	1.2427139073008333
1	2.8256354388336105
0	0.0
1	6.291525379436785
1	3.608244352038892
1	5.571177922766231
1	8.391691832323692
0	0.0
0	0.0
1	4.723156637121013
0	0.0
1	3.0933287423379756
1	3.161838162942447
1	5.769276915085019
0	0.0
1	1.5399647474287592
1	6.3575448062781845
0	0.0
1	8.170210348189082
0	0.0
0	0.0
1	1.2259081569682952
1	8.387743278856043
0	0.0
1	2.5953746913466387
0	0.0
1	2.912412580181087
0	0.0
0	0.0
1	1.2049500987062036
1	4.708025277758182
0	0.0
0	0.0
0	0.0
1	1.5893059237058424
1	3.895726823308357
1	2.35150045015694
0	0.0
0	0.0
1	1.480322469616231
1	4.935959794413491
1	6.639940227722748
1	2.2845944089884482
0	0.0
0	0.0
1	3.2822698248315754
1	8.526650452107324
1	1.5003021829233418
1	6.781616171443228
0	0.0
0	0.0
0	0.0
1	6.435701807123173
0	0.0
0	0.0
0	0.0
1	0.9643024744040154
0	0.0
1	2.7088461900161125
0	0.0
1	1.5338261796821984
0	0.0
1	3.3643600030472625
1	2.54701547405189
0	0.0
0	0.0
1	1.0132119134118718
0	0.0
0	0.0
0	0.0
1	1.5673802777460528
0	0.0
0	0.0
1	6.0049037195138455
1	3.6898811256395416
1	2.9375095454185924
0	0.0
0	0.0
1	3.472104480971646
