1	4.733445403503065
0	0.0
0	0.0
0	0.0
1	8.224267846336572
1	3.202574084975155
0	0.0
1	1.2315409234523989
1	5.090317193277306
1	2.4080112859415364
1	6.8017101428229845
1	1.2083578698389292
1	2.2675618762932905
1	3.213195715297251
1	1.2385517846512517
1	7.824641209228478
0	0.0
0	0.0
1	6.902085221017055
0	0.0
0	0.0
0	0.0
1	5.989674604129973
1	6.528506059544166
1	2.3062647345409104
1	1.0089662687894558
1	3.9433228891439036
1	1.1260978409111133
1	3.0753211667464884
0	0.0
1	3.5540572830276944
1	5.606528979949738
0	0.0
0	0.0
0	0.0
1	2.9029745842505097
1	1.1284541162542596
1	1.5833057113565996
0	0.0
1	2.795667170774789
1	1.5768571273034278
0	0.0
1	1.1618338100588192
1	3.128476347413575
0	0.0
0	0.0
1	0.9503254670778528
0	0.0
1	5.5237957525227745
1	3.3600001167457947
0	0.0
1	4.818847165403552
1	5.103455642908384
1	6.268047543274244
0	0.0
0	0.0
1	4.883851129210427
0	0.0
1	1.5945794725991829
0	0.0
0	0.0
0	0.0
1	5.9317569812146775
1	1.099004817980743
0	0.0
0	0.0
1	1.348451909410533
1	6.628052285580055
1	3.5969120425090093
1	3.2850259947024996
1	3.7997217736511173
1	1.5695400573966611
0	0.0
0	0.0
0	0.0
1	1.0571770830087894
1	6.994191933916556
1	1.3348133284880959
0	0.0
1	3.505843538716084
1	1.0052945902920527
1	3.4259292477099135
0	0.0
0	0.0
1	1.5639238007302438
0	0.0
0	0.0
1	8.021664324483678
0	0.0
1	2.814695086134595
1	7.7109967372035255
0	0.0
1	3.245248400961342
1	6.025970679793141
1	3.523368264589
1	1.5194887468518825
1	6.943406046587557
1	3.6718552334981016
0	0.0
1	1.4051615141088627
