0	0.0
1	3.9271005096956726
1	0.944372748339936
1	1.35676954193675
0	0.0
0	0.0
0	0.0
1	3.8392111312204533
0	0.0
1	7.128035081696371
1	1.1990352698368407
0	0.0
1	7.521648232447264
1	0.9566294351813966
1	7.922206094258346
1	2.7348504113677885
1	6.8016559162248145
1	5.774201882087465
1	3.22093052889811
0	0.0
1	1.2762495657588713
1	1.1958577204103484
1	1.3303056573785685
1	1.4635005253669169
1	8.00399786828943
0	0.0
1	1.0257022000169655
1	1.2205867982398777
1	3.745492483860824
1	1.4282409393103692
0	0.0
1	2.860766789212471
0	0.0
1	6.07866682385913
0	0.0
1	0.9641393525045371
1	0.9935032621327019
1	2.8193351085283993
1	8.56915426405701
0	0.0
0	0.0
0	0.0
0	0.0
1	8.223376763938269
0	0.0
1	5.934548318683459
0	0.0
0	0.0
1	5.979411536941997
1	5.512603841522898
0	0.0
0	0.0
1	5.604869624882225
0	0.0
1	8.562900713654155
1	7.515319643091238
0	0.0
0	0.0
1	3.436922742986487
1	2.8708065613828717
0	0.0
1	3.4077691385293734
0	0.0
1	6.792448224463736
0	0.0
1	6.47558574424126
1	1.0355116330218999
0	0.0
1	5.724174012761426
1	6.023181941584041
0	0.0
1	3.637478874670212
0	0.0
1	1.5435954259590794
1	3.750524305577166
0	0.0
0	0.0
0	0.0
1	2.9601269486095445
1	1.572008625101443
0	0.0
1	8.418757931085224
0	0.0
1	1.2201463235744203
0	0.0
1	1.5386460932554349
1	0.9753934378178162
1	6.170987495656251
1	7.384494708132209
0	0.0
1	4.56416124703158
1	1.2320926346246894
1	8.248076358930577
1	3.293817134858338
0	0.0
1	1.280737419695714
1	5.236179468855646
0	0.0
0	0.0
0	0.0
