0	0.0
1	1.018427683915889
1	6.188443819694188
1	2.8889177575118303
1	1.2352545710886065
1	2.873802962387168
1	4.997159853265412
1	1.036292954599073
0	0.0
1	6.579493595361404
1	0.9656618605855523
0	0.0
1	6.042279751019672
1	3.4124690328100633
1	0.9273919910020655
0	0.0
1	1.5786528425361372
1	5.744284474337136
1	1.0261522748739327
1	1.3025255131662705
1	0.933867548182554
0	0.0
1	2.641378230354963
1	6.530089170302333
1	3.4359782229250997
1	0.9558343138838131
0	0.0
0	0.0
1	2.884533622660686
1	5.51427047201638
0	0.0
0	0.0
0	0.0
1	3.379453592341283
1	4.646420908968849
1	0.9153444710792981
1	8.352139388354859
0	0.0
0	0.0
1	7.742466101150937
1	1.0166676783996218
1	1.2696828919086212
0	0.0
1	6.879075153475651
0	0.0
0	0.0
0	0.0
1	6.2314509202740735
1	8.349038771691141
1	1.088062697002779
1	5.404009009577375
0	0.0
1	8.00832132889206
1	5.466861064378909
1	1.5972847910056416
0	0.0
0	0.0
1	1.1820715130365156
0	0.0
0	0.0
1	1.3669798360850822
1	0.9936760374926222
1	6.152696587043983
1	5.940827532687271
1	1.234014748155094
1	0.9214699056127839
1	2.490853325077534
1	1.5112651649836386
1	1.3928188100486514
0	0.0
1	1.4909668261419644
0	0.0
1	4.481563556278783
0	0.0
1	7.930516415182729
1	1.37771483970687
1	1.5758950881299807
1	1.3944021970936795
1	5.063626695235591
1	3.7934305316171812
1	1.0925657477588424
1	4.887426753366155
1	1.109341965149745
1	6.496070909012996
1	0.9508994370769699
0	0.0
0	0.0
1	3.966195855906896
0	0.0
1	1.390296585032838
0	0.0
0	0.0
1	4.979279375645091
1	0.9870664986169819
1	2.4699984836352837
0	0.0
1	1.5324800924931106
1	7.714081299446506
0	0.0
1	1.2617942521716805
