1	3.7134881569166756
0	0.0
0	0.0
1	6.2896549167690985
1	7.165237462069169
1	6.515291041417765
1	1.5383152647770566
0	0.0
1	7.649980517774527
1	3.9821249784526986
1	0.979552795164138
1	6.09233537528292
0	0.0
1	1.1007980368375894
1	2.561821774666051
1	4.656236438857065
0	0.0
1	1.562763531879809
1	3.88077423490053
1	0.9652760044932192
1	8.004532175842073
1	2.3705997867934188
0	0.0
0	0.0
1	1.4165885237736506
1	1.5009544075664358
1	1.0702637241867907
0	0.0
1	7.743086443044672
0	0.0
0	0.0
0	0.0
0	0.0
1	5.0120452574403656
0	0.0
1	7.6477200603372
1	7.108212386641923
1	1.015481116165728
0	0.0
1	3.7737403657732327
1	4.608556292638979
1	5.763816243740495
1	0.9547045022716953
1	8.124560673987276
1	1.403299536683
1	5.615244182225393
1	6.2506400943609
0	0.0
0	0.0
1	2.750360132375666
1	6.425811390274022
1	1.5443820699096733
0	0.0
1	8.573139459197966
0	0.0
1	1.3646688415941064
1	1.2356394042560224
0	0.0
1	2.8884332114244877
1	3.193821049217954
1	3.27413374187253
0	0.0
1	6.248133178622147
1	1.0181802492420662
1	1.254988107352955
1	3.286798749722768
0	0.0
0	0.0
0	0.0
1	1.4341110650533433
0	0.0
0	0.0
1	0.9284671638634332
0	0.0
0	0.0
0	0.0
1	7.39016877273235
1	5.099614025600615
0	0.0
1	1.37521948467035
0	0.0
1	4.517961684148685
1	1.5539258739948978
0	0.0
0	0.0
1	7.490102603989007
1	0.9320672100136441
1	2.994097913558823
1	6.756427419251041
1	3.113026223161755
1	0.9559903645746879
1	1.5122017023822414
0	0.0
0	0.0
1	6.476293742367955
1	1.2488538750517821
1	1.0131937572613423
1	3.8154381366324914
1	6.6313003414494105
1	6.950816845696468
