1	7.641405847715424
1	8.043379275776536
1	5.533496277194778
1	5.752245727769139
0	0.0
0	0.0
1	2.649205728042894
1	1.4931666254498843
1	1.5721008098940037
0	0.0
1	1.5716145279824736
1	0.9769325861446903
1	1.2752689053809756
1	2.4115261754675466
1	3.50316719015904
1	3.9518718706225826
1	3.518896649123611
0	0.0
1	2.8053989115987146
1	0.9275141030877796
1	3.0184515729795645
0	0.0
1	7.032519411826987
1	8.432224733975252
0	0.0
1	2.51313327949436
0	0.0
1	3.9748302007948406
1	6.101220356737414
0	0.0
1	6.8774994845653366
1	3.0108030609189735
1	1.1876611407252018
0	0.0
1	3.7012229617778307
1	7.545526848094578
0	0.0
1	1.511579106242018
1	3.514680692467857
1	0.9603356174189038
0	0.0
0	0.0
0	0.0
0	0.0
0	0.0
1	6.462578306148322
1	5.324952352240247
1	6.035836571059173
0	0.0
1	1.5742025820988808
0	0.0
0	0.0
1	2.339229937585753
1	1.3224522461620505
1	3.3716911675710755
0	0.0
1	1.0200327226833388
0	0.0
1	7.544800068344633
0	0.0
1	5.277282555924054
1	2.927725236698659
0	0.0
1	1.0894884306077603
0	0.0
1	5.306125642126305
0	0.0
1	1.2051391254487784
0	0.0
0	0.0
0	0.0
1	4.7134379647680715
1	1.4004421182033755
1	1.1388787313325963
0	0.0
1	1.0883535361709953
1	1.002020952428804
1	3.787656887999751
1	7.454945145476932
1	0.9251886610938953
0	0.0
0	0.0
1	3.9819233531398264
1	1.0479543940543086
1	6.4122316850477485
0	0.0
0	0.0
0	0.0
1	3.298923333472759
1	3.0796145446473497
1	3.692931789280624
1	1.5412164280265555
0	0.0
1	1.0256831683188978
1	1.099419145671594
1	2.647111124899025
0	0.0
0	0.0
1	1.3550383205300691
0	0.0
