0	0.0
1	7.513455440964634
0	0.0
0	0.0
1	1.11344970473945
0	0.0
1	7.727986623033404
0	0.0
1	0.9792107332365076
1	8.593771636057912
0	0.0
1	2.8133801313106344
0	0.0
1	1.0818445800157703
1	8.406160279460185
0	0.0
0	0.0
0	0.0
0	0.0
0	0.0
0	0.0
1	3.6177468287047154
1	7.639710138605486
1	4.935137038298465
1	3.7843220825894
1	2.9409386262792347
1	2.6026808010572107
0	0.0
1	2.3070511748478775
0	0.0
0	0.0
0	0.0
1	1.2804671870489033
1	2.303087469612277
1	3.478764043005166
0	0.0
0	0.0
0	0.0
1	1.2249989883398955
1	6.518204345924492
0	0.0
0	0.0
1	3.4504123484521037
1	7.445347095319212
1	3.6677858715127054
0	0.0
1	3.6562545614017674
1	1.0216571986384246
0	0.0
0	0.0
1	6.474964280683281
0	0.0
0	0.0
1	5.00246886136682
0	0.0
1	2.7727421839354545
1	6.920457796598487
0	0.0
1	3.7679001531124547
1	1.1439863609004188
1	3.877485243656964
1	5.718720324402109
1	2.8057881586351283
1	6.274429248145935
0	0.0
1	3.694014026566197
0	0.0
0	0.0
0	0.0
1	1.2559500587133745
0	0.0
1	1.4640375885514083
1	3.3561292413026447
0	0.0
1	1.462493048117239
1	8.511147134066553
1	7.64983177316719
0	0.0
1	7.32266728303637
1	1.346099696549853
0	0.0
1	1.3234314387387354
1	0.9553047472522765
0	0.0
1	2.7335075653596728
1	1.0088805188838919
1	3.4492835798688013
1	1.4045910054603845
1	0.9852991752408137
0	0.0
0	0.0
0	0.0
1	1.4875248440868405
1	2.7987162434596504
0	0.0
1	2.474317400270324
1	3.461033015002306
1	4.725026071436147
1	5.572930076791449
0	0.0
