1	3.6698431549505943
1	5.448999731046865
0	0.0
1	1.2840956336109688
0	0.0
1	1.5181888162239252
1	3.1926447497491814
1	3.8482289828412704
0	0.0
0	0.0
0	0.0
0	0.0
1	2.2682595331845654
0	0.0
1	1.469786570411864
1	1.0006565544478625
1	1.0116722044698427
1	3.040723421211931
1	7.1154620893691405
1	6.287522052006509
0	0.0
1	1.5672274754915096
0	0.0
1	2.3153134976800134
0	0.0
1	4.665236134048986
0	0.0
1	6.493321755162388
0	0.0
1	1.334126349740917
1	1.273713026735321
1	1.23869816186548
0	0.0
1	3.0938225740907526
1	3.1987882880424854
0	0.0
0	0.0
1	1.3734779773557246
1	7.7284509323881405
1	3.034406990462324
0	0.0
1	5.48127619783264
0	0.0
1	1.5333158337727282
0	0.0
0	0.0
0	0.0
1	2.40710552635999
1	1.1482416547863303
0	0.0
1	3.8687437857794293
0	0.0
1	4.994947423451649
1	1.349216600749949
0	0.0
1	8.043392265341112
0	0.0
0	0.0
1	6.594933214224401
1	6.90907140671896
1	2.8721127128343436
0	0.0
1	1.265791991255198
1	1.207776579558596
1	1.3394629075484494
1	2.665584597510319
1	6.787099901357172
0	0.0
0	0.0
0	0.0
1	2.421721060782008
1	3.6213753354596014
0	0.0
1	3.189577524941666
1	1.5652667682969632
0	0.0
1	1.4246521564722965
1	1.1114613089996874
1	8.19257282778495
0	0.0
0	0.0
1	1.047812436224392
0	0.0
1	0.9556323071166978
1	7.446917006801993
0	0.0
1	8.090420010846755
0	0.0
1	6.571276274447752
1	1.4145115348587183
0	0.0
1	1.4007061167709214
1	7.549284477184623
0	0.0
0	0.0
0	0.0
0	0.0
1	2.404648461549575
1	5.4862823479302225
1	3.483526025685296
