0	0.0
1	3.4619387977827536
0	0.0
0	0.0
1	1.5395478699316922
0	0.0
1	1.1631183451582978
1	6.628233950936774
1	7.085859230519347
1	1.0464702087729865
0	0.0
1	2.663205004412796
1	1.435286333143687
0	0.0
0	0.0
1	2.3509274454385203
0	0.0
1	2.798895326766574
0	0.0
0	0.0
0	0.0
1	3.069216994953444
0	0.0
1	3.7469817173771807
1	1.335414289693682
0	0.0
1	2.2877697667232075
0	0.0
0	0.0
1	3.685165426395197
1	3.8143584068632337
1	1.5781594049928174
0	0.0
0	0.0
0	0.0
1	1.0313889308348545
1	4.907411255702707
1	7.664460246967846
1	3.7289040721502613
1	1.313742833876831
1	7.8880245269279925
0	0.0
0	0.0
0	0.0
0	0.0
1	3.712236591665611
1	1.1071783083279856
0	0.0
1	1.0473842019524238
1	2.8851320790156554
0	0.0
1	2.9864220679017004
0	0.0
0	0.0
1	7.693246813220675
1	7.3338264291270105
1	8.084568005661726
1	0.991971994056515
0	0.0
1	6.844801134460999
1	7.554479315065155
1	5.775435291410941
0	0.0
0	0.0
1	2.653166676272242
1	5.262503159601951
0	0.0
1	1.0243606232536369
0	0.0
1	2.2780208949352763
1	2.698902998127182
1	6.434369276734434
1	6.5962159055884
1	3.2435290506255163
1	1.0531296628978895
1	2.7603872525979773
1	1.5404326368694066
1	0.9645467821915247
0	0.0
1	7.9886190059190225
0	0.0
1	7.946823418160438
1	1.0502503880140073
0	0.0
1	1.2138111644126646
0	0.0
0	0.0
0	0.0
0	0.0
0	0.0
0	0.0
1	6.026859135996428
1	5.03768229823572
0	0.0
1	7.054796044667121
1	2.529533972615794
0	0.0
0	0.0
1	1.2774236601570776
0	0.0
