1	7.202109658542317
0	0.0
1	4.789000413842847
0	0.0
1	1.5930084692894977
0	0.0
0	0.0
1	6.482159180588585
1	1.049683494550387
0	0.0
1	3.53170769242859
0	0.0
1	7.500093024997571
0	0.0
0	0.0
0	0.0
0	0.0
0	0.0
1	1.0728271025196432
0	0.0
1	5.557666872819092
0	0.0
1	6.340786209347097
1	7.475304759849394
1	3.604663193020256
1	1.3270108455990766
0	0.0
1	5.887073352368226
1	2.56074228054879
0	0.0
1	7.289037155092734
0	0.0
0	0.0
1	6.771041172891947
1	5.849263271430885
1	1.4602495650565848
1	6.653726548120362
1	2.3317855498073854
0	0.0
0	0.0
1	6.482663207054528
1	1.3738981988503594
1	3.2249729333533725
0	0.0
1	7.622282427587525
0	0.0
0	0.0
1	4.792446636808587
0	0.0
1	2.454780176234689
1	2.9902413559076653
1	3.17610268822212
0	0.0
1	8.090018314598668
0	0.0
0	0.0
1	2.768391845813302
1	2.3094715023668306
0	0.0
0	0.0
0	0.0
1	2.4831833422304306
1	2.259262627322498
1	2.296189344731277
0	0.0
1	6.116303027599035
0	0.0
1	1.2112237224047138
0	0.0
0	0.0
1	7.794893392109655
1	6.1723493134102805
0	0.0
1	1.277006288066047
0	0.0
1	5.493707834491696
1	4.665764482159094
0	0.0
0	0.0
0	0.0
1	3.666776830830241
0	0.0
1	2.5382485987256596
0	0.0
0	0.0
0	0.0
1	3.95547249636827
0	0.0
1	3.7507024299961755
0	0.0
1	3.333281225975334
0	0.0
0	0.0
1	1.1822059294384373
1	1.5498515351555602
1	1.2617640975977502
1	3.5101471225054572
0	0.0
1	7.158469492971528
1	6.109852088338539
