1	8.097270397254992
1	1.150670182171912
1	3.2486017899125086
0	0.0
1	3.3939622868695474
1	3.2151948635098546
0	0.0
1	1.0320443981031238
1	3.407547923168975
0	0.0
0	0.0
1	1.0454957408277359
0	0.0
1	5.8147149891548375
1	1.0415368123581923
0	0.0
1	2.9081056268530707
1	1.5571703400153027
0	0.0
0	0.0
1	3.594520473894514
0	0.0
1	3.8957365013201186
1	5.347128029526511
0	0.0
1	1.1174156672907656
0	0.0
0	0.0
0	0.0
1	2.4529005951586083
0	0.0
1	7.97512516091615
1	2.257849269271835
0	0.0
1	3.7918970712272757
0	0.0
1	2.73351239113811
0	0.0
1	4.492543500633742
0	0.0
0	0.0
0	0.0
1	3.785973487413743
1	8.456086945042495
1	1.3494337176532043
1	4.687821917179244
1	6.362204046595996
1	7.174995187769742
1	0.9086613560247075
0	0.0
0	0.0
1	5.72385226154511
0	0.0
1	2.6460196125299733
1	1.3556655982023185
1	0.9118936815712263
0	0.0
0	0.0
0	0.0
0	0.0
1	7.759214885924823
1	1.302173819085771
1	1.004457976854738
0	0.0
0	0.0
1	1.3885657565248866
0	0.0
0	0.0
1	7.5401356304694325
1	4.5162777900303865
1	3.215457346459411
0	0.0
1	0.9224574704513834
0	0.0
1	5.2523956997594965
1	8.01928581909943
1	0.9150879974748044
1	5.947969635491031
1	2.887509847539953
0	0.0
1	1.0069756623890114
1	3.098946556494397
1	1.159981303041977
0	0.0
1	2.713037368210448
0	0.0
1	3.086878087630299
1	5.385657947631591
0	0.0
1	3.0439950214195997
1	1.3939923209099199
1	6.74744847388567
0	0.0
1	1.4978552419207256
1	1.551843624369369
1	6.76442803386306
1	1.1323229635697971
1	3.1330622699699
0	0.0
0	0.0
