1	1.489611312934633
1	8.252649532200104
0	0.0
0	0.0
0	0.0
1	1.3603414239954597
1	2.9014499785148744
0	0.0
1	3.806486928942703
1	1.2224090147663023
1	3.130754381826841
1	4.7082413857106244
1	1.3451409653770887
1	6.054442498978338
1	2.4207866253236494
1	2.3384261815375678
1	1.0087213211290775
0	0.0
1	1.469350074774213
1	3.3830350387006938
0	0.0
0	0.0
1	1.2699449639164566
1	7.350634453357025
1	3.2860475587216023
0	0.0
1	0.985243429626223
1	2.6442808817507277
1	8.075404727379642
1	5.427855617390718
0	0.0
0	0.0
1	7.812477637818189
0	0.0
1	4.673970591240182
0	0.0
1	3.366727903491608
0	0.0
1	3.8460997567619306
0	0.0
1	1.4880348288975194
0	0.0
1	4.669701476520772
1	0.9238906831758513
1	1.1131750636849564
1	1.2257467872938408
1	3.3208311494322715
0	0.0
1	3.6773065837358274
1	3.6804406075407115
1	1.041417133371307
0	0.0
1	2.7661285654941685
1	3.133370992806428
1	3.3561442798885652
1	1.467250663835817
1	3.3496475432092443
1	4.767794254646007
0	0.0
0	0.0
1	8.126989888022747
1	1.0897578296764943
0	0.0
1	7.172182947520197
0	0.0
1	6.183325182834072
0	0.0
1	1.4864931060670155
1	8.445984593293641
0	0.0
1	5.177149532104386
1	1.3905468253651718
0	0.0
0	0.0
1	7.28553171383434
0	0.0
1	3.2437518532791514
0	0.0
1	5.418766013979562
1	1.106699888103727
1	2.33866364793172
0	0.0
0	0.0
1	8.0320003787296
0	0.0
1	1.0717626247684715
0	0.0
1	1.3684537394939844
1	1.1402698209226192
1	3.8155489813891803
1	3.005224222137478
0	0.0
1	3.693628404256339
1	3.0175243295875607
1	2.394050198218912
0	0.0
1	1.3764129077812757
0	0.0
1	1.5025073293020963
0	0.0
