1	1.053293660506327
1	5.111679473514955
1	5.267153623810927
0	0.0
1	3.038256445586746
0	0.0
1	1.102856347566458
1	7.141283620845301
1	1.404811829074208
0	0.0
0	0.0
1	0.9068736719713264
0	0.0
0	0.0
0	0.0
1	1.031163678151459
0	0.0
1	5.430033643087806
1	6.4227886446214
1	2.3922771680678165
1	3.2412900965927283
0	0.0
1	3.3701239617339596
0	0.0
1	0.9944764584032647
0	0.0
0	0.0
1	1.0248009870228627
1	1.2660284764193195
1	2.700105399615734
1	3.0033951438482043
1	0.961420669245859
0	0.0
1	1.2812517901537142
1	1.2076682939891796
1	3.40999968641998
1	2.9932824607874777
0	0.0
0	0.0
1	5.70548280853841
1	6.914628121766897
0	0.0
1	3.117485657169049
1	1.2709871870377478
0	0.0
1	8.218847166266471
0	0.0
1	3.030765034856744
0	0.0
1	4.933529058531678
0	0.0
0	0.0
0	0.0
1	1.1867868106240729
1	2.3391276829344614
1	3.3171488114587615
1	2.475780658750361
1	3.46741927485137
1	6.462268906706365
0	0.0
1	5.302220834526171
1	1.530172967102236
0	0.0
0	0.0
1	1.4083066355079712
1	3.919087691859393
1	5.665623159395321
1	1.3698502688105
0	0.0
1	1.1143730119109532
1	2.448162476414794
1	5.635417858142873
0	0.0
1	7.970548352338577
1	3.0182917166777146
1	5.773388831350281
1	1.2376996894866403
0	0.0
0	0.0
0	0.0
1	1.4399540962804034
0	0.0
0	0.0
0	0.0
0	0.0
1	1.00378014293041
1	2.3271043233161524
0	0.0
1	6.003190584205116
0	0.0
0	0.0
0	0.0
1	1.5285064721292545
1	8.167720576790094
0	0.0
1	1.0487391979668514
1	4.730728929907788
0	0.0
1	5.655540106812913
1	3.942154140713956
