1	3.2867667763460067
0	0.0
0	0.0
0	0.0
1	1.2540787476020836
1	3.891267329472318
1	5.384945126156249
1	3.6169826971936896
1	2.3889331355997823
1	4.480233876225512
1	5.2642769792550554
0	0.0
1	3.850037099091864
1	5.157516255934797
0	0.0
0	0.0
0	0.0
1	0.9395869402811806
0	0.0
0	0.0
1	1.2011345971591556
1	1.2516830802064982
1	6.932284621507517
1	7.468521430877829
1	1.1469320548786723
0	0.0
0	0.0
1	1.3464636739618294
0	0.0
1	1.0334752640890015
0	0.0
0	0.0
0	0.0
0	0.0
1	3.793621485435524
1	6.603631819524746
0	0.0
1	3.587941256981643
0	0.0
1	1.1381400244168325
1	6.498422941774306
0	0.0
0	0.0
1	1.5946409560848647
0	0.0
0	0.0
0	0.0
0	0.0
0	0.0
0	0.0
1	1.49888115716201
0	0.0
1	0.991725805068598
1	2.6841012619985714
1	1.4211318327672728
1	1.2403136703994009
1	3.7174955155652682
0	0.0
0	0.0
1	2.587690962133108
0	0.0
1	8.204422122533968
1	6.279349925696523
0	0.0
1	1.2375925934286198
1	5.479142120980045
0	0.0
0	0.0
0	0.0
1	1.5647653563945099
1	1.5432657227465358
0	0.0
1	5.669867780276829
1	1.134359854699651
1	0.9169001837841583
1	2.6429953207485197
1	7.737775939070279
0	0.0
0	0.0
1	0.9432255050347652
1	0.9662348351013231
1	1.3426689979844926
0	0.0
1	5.522542197493801
1	2.500939332657925
1	3.0666828479274773
1	6.38124684734681
1	5.8447752407505185
1	2.896013250503843
0	0.0
1	1.1345344665463601
1	3.536267434007472
0	0.0
1	3.377564700365876
1	3.5752211029013843
1	7.162994215347966
1	5.701026577905155
1	7.983074427162775
1	5.084223107744519
1	2.3122908721494597
