1	1.3297620689113168
0	0.0
1	7.9413369822074555
1	6.567426488038127
0	0.0
0	0.0
1	0.9676511633499495
0	0.0
1	6.723429295238565
1	1.5704335662503945
0	0.0
0	0.0
0	0.0
1	2.498799932842936
1	1.5227228013788001
1	6.621676314086493
1	5.340016858105358
0	0.0
1	7.6268873797406895
0	0.0
0	0.0
1	1.3500845190472854
1	2.3593861274329666
1	2.901782723203045
0	0.0
1	1.5352307149963647
1	0.9764150419882844
0	0.0
1	3.067230904466201
0	0.0
1	2.703890666229664
1	7.200221934173768
1	7.361013907159032
1	1.2365954926440708
1	3.84292079912751
1	7.530639994221497
1	3.1570072225461465
1	3.5444210150429574
1	0.9759283101964099
0	0.0
1	1.3178628682589046
1	2.477249766202475
1	0.9820997167868157
1	0.9789925428835603
0	0.0
1	1.4505231140712187
0	0.0
0	0.0
1	1.4186466961647168
1	0.9171873367422738
0	0.0
1	5.066912854982071
1	1.4057789801280838
1	0.9240848400394286
1	2.4589333432329905
0	0.0
0	0.0
1	2.488461212713356
1	2.8034948227150625
1	7.855600605544959
1	2.2559782229493877
0	0.0
1	2.339893587736931
0	0.0
0	0.0
0	0.0
0	0.0
1	8.592257156529476
1	6.308094489182705
1	5.2065190068712335
1	8.509361930387145
0	0.0
0	0.0
0	0.0
0	0.0
1	1.4851585278728372
1	5.368516919949696
1	2.269036897023208
1	0.9459039610487177
1	3.593960915991797
0	0.0
1	7.395575381976633
1	3.5520396640127956
1	3.112351468062895
1	1.1162005995599422
0	0.0
1	3.204914563911344
0	0.0
1	2.780144663102395
1	2.8861357786598782
1	1.1502639080979087
0	0.0
1	5.432425526675013
1	1.0476350531018461
1	0.9872289670842267
1	3.619749456345493
0	0.0
0	0.0
1	5.525611686531765
1	3.473911191450229
