1	8.158608203402377
0	0.0
0	0.0
0	0.0
1	4.67012622364247
1	1.1915132239849684
1	3.6906009118405234
1	1.1697718128237597
1	5.447882881493137
1	6.624193318069614
0	0.0
1	3.2364841841477836
1	3.0935507664039283
1	1.5073751012981331
0	0.0
1	3.35830859735838
1	5.719209800978086
1	0.9566061716702268
0	0.0
1	0.9913963205815183
1	1.0366005224718595
1	7.003761767388493
1	6.963451366021198
1	6.125185211626752
1	1.0141029864226199
1	8.420685100325718
0	0.0
1	3.2469468857170765
1	2.7782397126034137
1	2.400477816824746
1	7.78369450582038
1	2.376703066039267
1	1.432057656680437
0	0.0
1	1.2070091695665908
1	5.6621557142727195
0	0.0
1	1.1525767198665733
0	0.0
0	0.0
1	2.695461710574553
0	0.0
0	0.0
1	7.865308367163886
0	0.0
0	0.0
0	0.0
0	0.0
1	1.442291876811749
0	0.0
1	2.676036578338293
1	2.436736997248908
1	2.6717101855521084
0	0.0
1	1.1189967259991984
1	1.1897934219845387
0	0.0
0	0.0
1	2.3911309933896816
1	0.9454983957743531
1	0.9630446139644127
1	2.8592782418951903
0	0.0
1	7.8437867019001954
1	1.0635259103328358
1	0.9271254471480916
0	0.0
0	0.0
0	0.0
1	1.391950275123071
1	1.5629335758348808
1	5.5930384345252175
0	0.0
1	2.527647959339121
1	6.301526209027791
0	0.0
1	7.5336226322005775
1	1.5638218636875854
1	3.727131243056309
1	6.030549100642818
0	0.0
0	0.0
1	4.5486463814285525
1	5.6814404491509105
1	1.170122911745009
0	0.0
1	2.407997350320916
0	0.0
0	0.0
0	0.0
0	0.0
0	0.0
0	0.0
1	1.2447020139355733
1	6.605910104304938
0	0.0
1	1.540140944429751
0	0.0
0	0.0
1	4.591740777500324
