1	3.844789969187952
0	0.0
0	0.0
0	0.0
0	0.0
0	0.0
1	3.8385162423243835
0	0.0
1	2.888368989540138
1	1.1171164248678016
0	0.0
0	0.0
1	1.0686712008742252
0	0.0
1	1.3138610440939797
1	2.9066176794512337
1	3.8983169260838952
1	3.8910052942208537
1	7.650548262657766
0	0.0
1	0.9992823335144225
1	3.3261104220242226
1	5.696534454978049
1	1.2251865873136691
1	7.889292183566024
1	7.660063954185438
0	0.0
1	7.5923207756660105
1	1.4611259542440704
1	1.0798102177074016
0	0.0
0	0.0
0	0.0
1	4.606448158360439
0	0.0
1	3.9927592224650468
1	1.380012193961389
1	2.96602373525026
0	0.0
1	3.4776775078179067
0	0.0
1	7.878579900429828
0	0.0
1	3.395257537686467
0	0.0
1	1.4140129592847668
1	0.9906397839084997
1	6.9654326117915755
0	0.0
0	0.0
1	7.112145977531819
1	1.1401838658509562
1	2.6918874648284605
1	2.337306847581064
1	6.771933313464066
0	0.0
0	0.0
1	2.5585389299102954
0	0.0
1	3.797117979453918
1	7.958898637828978
0	0.0
0	0.0
1	5.033792946707128
1	3.8435415329395557
1	1.577392396777697
0	0.0
0	0.0
0	0.0
0	0.0
0	0.0
1	2.8868007690563458
1	1.1720180203481587
1	1.4620113780038597
1	3.500708831908136
1	6.1525616823881775
0	0.0
0	0.0
0	0.0
1	1.2168849139980855
0	0.0
1	2.50823234394331
0	0.0
1	1.0688589231736478
0	0.0
0	0.0
0	0.0
1	2.3118000501488587
0	0.0
1	6.713857898555308
1	7.271715814592651
0	0.0
1	2.593487530741854
0	0.0
0	0.0
1	2.7263755861941283
1	5.719001537941523
1	0.9908355314146733
0	0.0
1	5.961498270363034
