1	1.1206603793167844
1	5.646351955674305
1	3.842302646091468
0	0.0
1	5.757541770355377
0	0.0
0	0.0
1	4.919318802920276
0	0.0
1	2.4034015393347263
0	0.0
0	0.0
1	1.2798398607889316
0	0.0
1	3.147172705299152
0	0.0
1	2.4088661955667554
1	4.9606989699163835
0	0.0
0	0.0
0	0.0
0	0.0
1	1.364774425782982
0	0.0
1	1.5339576806593245
1	2.9794046029892094
1	5.1524594289312065
1	5.421350135041882
0	0.0
1	4.612618450685501
1	3.9746925682262946
0	0.0
1	8.516334049111135
0	0.0
0	0.0
1	2.421516668287927
1	3.8742548365577707
1	2.7130872320099777
1	8.056087027501167
0	0.0
1	2.4305362040675687
1	1.2345379326843031
1	7.358936829320005
1	6.401186308995887
0	0.0
1	8.48806547337071
1	5.458165956824014
1	3.320046280545608
1	0.9443176450195296
1	2.9372014595343505
0	0.0
1	3.8845000581967484
1	6.155603171185003
1	1.1617391790923286
0	0.0
1	5.558967493495433
1	7.600720241962504
0	0.0
1	8.332699266423697
1	6.500808128083236
1	2.9535681125418303
1	1.220900746762203
1	7.14298408885148
1	7.889713135691628
0	0.0
1	7.961160495903646
0	0.0
0	0.0
0	0.0
0	0.0
0	0.0
0	0.0
0	0.0
0	0.0
1	6.0152371273632514
0	0.0
1	2.999514277004628
0	0.0
1	2.762438103835273
0	0.0
0	0.0
0	0.0
1	1.5537231403489908
1	4.642629068157369
1	5.336471721861212
1	4.688559004504132
1	1.553536126203523
0	0.0
0	0.0
1	1.435166370540093
0	0.0
1	2.256761849677344
1	4.599317607928816
0	0.0
1	6.515909868198991
1	4.495653078105724
1	1.5671789468486912
1	1.1037189223442214
0	0.0
1	3.6616878344045207
