1	3.3062153846492346
1	1.229024574322637
0	0.0
1	3.1278347402884714
1	1.3400192426254662
1	4.563760587793832
1	3.416317619400186
1	2.478874158958916
1	1.258727188967184
1	7.721360786880705
1	3.3581687792091475
0	0.0
0	0.0
1	6.208727160898017
1	2.7637038273350094
1	1.3413059110649646
1	3.7444663089583683
1	2.7752805401374863
1	1.133543420018075
1	2.68564000441197
1	1.5792705269579796
0	0.0
1	1.5126413129610516
0	0.0
0	0.0
0	0.0
1	1.497131777022064
1	1.4448474280014256
0	0.0
0	0.0
1	6.414708239855778
1	3.4206104490743834
1	1.3525006194366944
1	5.009083850275933
1	5.170887961705986
1	1.4668149091205844
1	1.1193560314029884
1	6.685910538210459
1	1.4818484735919801
0	0.0
1	5.469719046596577
1	7.286640391400284
1	3.100212087890951
1	6.101393993440801
1	3.553945524966897
1	5.410665468318323
1	4.770467247879198
1	2.949660081006003
1	1.35765213146651
1	2.8434407659978804
1	4.975903246112899
1	7.929997099067126
0	0.0
0	0.0
0	0.0
1	7.316865976882802
0	0.0
0	0.0
1	7.85095830562796
0	0.0
0	0.0
1	6.408478101067608
0	0.0
1	1.1847088893414077
0	0.0
1	3.178407669583564
1	3.501347730866779
1	1.4050407539240766
0	0.0
1	7.042354788246105
1	1.0995749970075261
1	3.9660463874217826
1	4.550756477176557
0	0.0
0	0.0
1	2.936247139361721
1	2.7627387900840454
1	3.7323361578790992
0	0.0
1	3.414590991121371
0	0.0
0	0.0
1	8.166348743901889
1	8.30415257182128
1	5.434013046170087
0	0.0
1	2.254822844819469
1	3.330491932957548
1	1.2184681455946844
0	0.0
0	0.0
0	0.0
1	3.652682703107502
1	4.848998050548519
0	0.0
1	2.788607032094131
0	0.0
1	7.606690527892694
1	8.051431988133402
1	1.4278540895103213
