1	5.8920194886188435
0	0.0
1	3.342101114046677
0	0.0
1	7.983163677390291
1	2.2534357442619224
1	8.513021229156358
1	1.139154041800003
1	1.1003793299562572
1	3.980855518708883
1	0.9398126297698193
1	2.270569306136593
1	1.0546266940628959
0	0.0
0	0.0
0	0.0
1	0.987997659888969
1	1.5307466964226326
1	1.0007280610480906
1	1.2880759742541605
1	1.2414907966069482
1	2.5760074651956404
1	2.6284297754814965
1	3.6023581970068745
1	2.749592340729236
1	1.106456887180685
1	3.9815611727090823
1	3.419096485122403
1	1.3733948605496158
1	0.9167755002618134
0	0.0
0	0.0
1	3.9623833936688473
0	0.0
0	0.0
1	5.307941857994321
0	0.0
0	0.0
1	4.7768068605204554
0	0.0
0	0.0
1	4.541229835473845
1	3.6218034308874807
0	0.0
1	5.738300272459294
0	0.0
1	1.3168949217223096
0	0.0
1	1.4117138607148538
0	0.0
1	1.3289543746929704
1	7.17407558181525
1	1.2952851928140179
1	5.213947096540292
0	0.0
0	0.0
1	2.4781868068567325
1	8.58594427913066
0	0.0
0	0.0
1	2.9238218661069713
1	5.438688363034087
0	0.0
1	3.1818830876037634
1	1.042346456058032
1	4.755919485805342
0	0.0
0	0.0
1	2.9210357069758315
0	0.0
0	0.0
1	4.6986016656300205
1	1.1375848573822172
0	0.0
0	0.0
0	0.0
0	0.0
1	1.0194361193606607
1	6.837782918799671
0	0.0
1	1.1267477898408602
0	0.0
0	0.0
1	6.835529911867982
0	0.0
1	0.9350654331315161
1	1.2601650743455224
0	0.0
0	0.0
0	0.0
0	0.0
1	6.2159358497701165
0	0.0
0	0.0
1	1.4164218286587764
0	0.0
0	0.0
1	3.620357819852248
1	5.881724608878065
1	2.8039190178785613
