1	7.52425648275851
1	3.3794559745021324
1	5.604240529967082
1	7.269418470178086
1	1.228305616298472
0	0.0
1	1.4645231012918432
1	8.067737250896172
0	0.0
1	3.797988039182582
0	0.0
1	0.9389984795183249
1	1.374848335484483
0	0.0
1	7.795555150926535
1	5.973237163913912
1	1.3633016076075046
0	0.0
0	0.0
1	2.8711410451746318
0	0.0
0	0.0
0	0.0
1	1.3433470519256518
1	0.9890065545765037
1	3.6835915010167133
1	6.719840620913761
0	0.0
1	3.268110330745363
0	0.0
0	0.0
0	0.0
1	7.247339747586694
0	0.0
1	3.414923724820589
1	3.6469768951120236
1	3.4011065069149335
1	7.497173346436569
0	0.0
1	1.3443495730661725
0	0.0
1	8.460970118989104
0	0.0
0	0.0
1	2.4258944242552523
0	0.0
1	3.6780356381013175
1	5.163177201103576
0	0.0
1	1.2320146322817451
0	0.0
1	4.670739363220425
0	0.0
1	2.716663221336641
1	2.7794721786468597
1	7.370991913864785
1	1.3279922775693827
1	3.6999045625275473
0	0.0
1	1.580379202264949
1	0.9135618414404671
1	5.444147068099267
1	6.0640211393423495
0	0.0
1	1.077180529239357
1	7.469947552892658
1	3.993229785719971
0	0.0
0	0.0
1	3.4059762773877784
1	5.7176399077728535
0	0.0
1	2.50846415021258
1	1.45872556366984
1	1.2448307762439064
0	0.0
1	3.2808534594707264
0	0.0
0	0.0
0	0.0
0	0.0
1	3.0396171917855885
1	1.1753334071719599
1	7.869367718163867
1	5.807893337937552
1	1.2333181441961494
0	0.0
0	0.0
1	3.9463649980884377
0	0.0
1	2.969572991709833
0	0.0
0	0.0
0	0.0
1	4.642926428467233
0	0.0
1	3.7030263031247697
1	2.8695347736089762
1	3.7357994310710474
1	1.3371854753902692
