0	0.0
1	1.3150268929457618
1	5.126496838075539
0	0.0
0	0.0
1	3.8251255638922377
0	0.0
0	0.0
1	2.7400050118439694
1	3.9196761153001134
1	4.667623141378856
1	3.4235351487871997
0	0.0
0	0.0
1	1.510448079129723
1	2.5449084944977574
1	7.115559288405964
0	0.0
1	2.4132532469674723
0	0.0
1	5.239177226214599
1	4.902505497440943
1	3.1323015564303103
1	3.6958599505136913
0	0.0
0	0.0
1	2.408588575944696
1	1.0978694008627592
0	0.0
0	0.0
1	1.5879252373768358
1	1.5843412439000204
1	6.22125785224598
1	1.415435011683699
1	2.8370070904438554
0	0.0
1	3.941697751987634
0	0.0
1	6.1498834627383125
0	0.0
1	1.5323375001172175
0	0.0
1	1.5698289039839755
0	0.0
1	1.1216388559913062
1	5.452242371952213
1	1.0541309950112772
1	2.5789391933615082
1	2.5326224394767967
0	0.0
1	2.6070692846848247
1	3.0834146854199007
0	0.0
1	1.1661829542792348
0	0.0
0	0.0
0	0.0
1	2.994030769019927
1	1.4102157157449033
1	1.4638869729058168
0	0.0
0	0.0
1	1.0706457449160132
1	1.066564306457975
1	1.1724896169836374
1	1.4543249424519251
0	0.0
0	0.0
0	0.0
0	0.0
1	1.4053012827470917
1	1.5815062324317064
1	7.225838286709048
1	1.2083978323532047
1	3.4272760143323233
1	7.291705162403302
0	0.0
1	6.955383841154866
1	2.686301340371009
0	0.0
1	3.5272736054592917
0	0.0
1	2.377210879810466
1	3.828937608143068
0	0.0
1	3.3788390257739587
1	3.760927204042281
1	1.0660956867486955
0	0.0
1	3.3102559230174484
1	2.296876397689735
1	3.205081430351324
1	7.5366142021286375
0	0.0
1	1.0457738948875903
1	1.4654675011848228
0	0.0
0	0.0
1	1.1664113976102413
1	1.4508218928930527
