0	0.0
0	0.0
0	0.0
1	1.339735940688299
0	0.0
1	2.520552804969666
1	2.768685685537247
0	0.0
0	0.0
1	1.4074144501450685
1	2.927547369502553
1	1.0784031385595965
1	1.1039187528333292
0	0.0
0	0.0
1	6.9634765871131075
1	1.5341885112455942
1	6.407053907815053
1	2.5362834430082133
1	3.743426554558775
0	0.0
1	7.00543703546624
1	4.698938132196207
1	3.2011294702716775
1	6.339575449753158
0	0.0
1	3.8524793353274633
1	7.789118021796308
1	2.5859000631301523
1	1.1140433482465562
1	1.0900609363569291
1	1.5153766114453329
0	0.0
1	3.200460666708458
0	0.0
0	0.0
1	5.962345451053678
0	0.0
1	0.9094560000003754
0	0.0
0	0.0
1	1.4517983283989495
1	2.5234666532947205
0	0.0
0	0.0
0	0.0
1	1.198855525124972
1	6.438073450731215
1	8.493559250164045
1	5.734770218077949
1	2.3361950882692852
0	0.0
0	0.0
1	3.1616081759554246
1	7.0862120170116984
0	0.0
0	0.0
1	2.960623433584016
0	0.0
1	3.2237880059283635
0	0.0
1	1.259059415512899
0	0.0
0	0.0
1	0.9208304127287225
1	3.547374093116854
1	0.9673764509473711
1	5.228595612153018
1	3.0448677872797334
1	6.441522572131235
0	0.0
0	0.0
1	2.729180571844048
0	0.0
0	0.0
1	7.543379597939955
1	3.124655892950581
1	1.2463852426171766
1	5.389960010035717
1	0.9177070505584257
0	0.0
1	1.3838440707010036
0	0.0
0	0.0
0	0.0
0	0.0
0	0.0
1	3.2447747461475913
1	5.935053525494194
1	1.4175087108385225
0	0.0
1	5.940701302170826
1	3.773285360841015
1	2.3448828911584445
1	4.697855663671724
0	0.0
1	1.1809307858131075
1	2.3377320158774166
1	8.42332385971202
1	2.517541255082919
