1	0.9692299505419811
0	0.0
1	0.9529255154207144
0	0.0
0	0.0
1	1.5077724113408126
0	0.0
1	0.928966516840951
0	0.0
1	6.1873315433752945
1	5.676173666032652
0	0.0
1	7.513016023705948
1	2.4191564857516954
0	0.0
0	0.0
1	6.49462712703916
1	3.2334583282719946
1	4.730725616861769
1	1.0197431572882838
1	1.381860368277
0	0.0
0	0.0
1	3.8910384019017807
0	0.0
0	0.0
1	3.229739304288804
0	0.0
1	7.659310893245816
0	0.0
0	0.0
0	0.0
0	0.0
1	7.899273265709675
1	1.4686804050401223
1	3.5989558465713336
0	0.0
0	0.0
1	6.315868482404433
0	0.0
0	0.0
1	3.414538501776029
1	7.8837713386864845
1	2.4390418288349913
0	0.0
1	2.6627967090435476
0	0.0
0	0.0
1	3.3970504920306652
1	5.363813092997172
1	7.3245202194597425
0	0.0
0	0.0
1	5.8381672906212305
1	2.509982015242938
1	1.4389240181527865
0	0.0
0	0.0
1	1.2767765864582956
0	0.0
1	2.669084959233232
1	5.300231286901222
0	0.0
1	7.746445895757529
1	2.663310483304349
1	3.7142635101838852
0	0.0
1	8.304554165137915
1	6.1326250046982125
0	0.0
1	7.830464817838175
1	8.534628115891255
1	7.914144575971381
0	0.0
1	1.2422661746626678
1	6.45360485847691
1	5.331522951719771
1	5.224500393870567
0	0.0
0	0.0
0	0.0
1	3.8695826332180894
1	5.629650258673238
1	0.9971140957259242
1	1.4451382808904274
1	3.78069983139786
0	0.0
0	0.0
0	0.0
1	5.244667268616341
1	1.0667369830282394
1	2.6214961229078804
0	0.0
0	0.0
0	0.0
1	3.273294805708248
1	7.7363400433772975
0	0.0
0	0.0
0	0.0
