1	6.036882575875944
1	1.1460052422885956
1	2.6892640773277483
1	3.253564176910713
0	0.0
1	2.9812948889336766
1	8.310315719549134
1	5.473673563354665
0	0.0
1	7.4387670530813494
0	0.0
1	5.08945319628078
0	0.0
1	1.3214231638406218
1	7.768508485046137
1	3.440099288749185
0	0.0
0	0.0
1	4.879836491826015
0	0.0
0	0.0
1	2.6060867200535456
0	0.0
1	4.846230092949206
1	7.4299151501403315
0	0.0
0	0.0
1	2.9877722256336607
1	3.514391749340047
1	3.525680383072033
1	1.510514060611746
0	0.0
1	3.6871424159942188
1	3.038571943723404
1	2.9946210569197023
1	3.4054746691191378
1	2.3379097524270787
0	0.0
1	2.5838536953857516
0	0.0
1	2.808596865063194
1	1.0548611680826991
1	1.5527629970652632
1	1.4897066289718741
0	0.0
1	3.3846051863212745
1	7.618687257999445
1	1.212382272121431
1	1.1750246415553063
1	2.7850310171265775
1	1.428390359633409
1	3.5284587103355447
1	3.9474550802655837
1	3.2608311512960406
1	4.532907402307179
0	0.0
1	2.327052008166068
1	1.1787259872966214
1	1.3741734305443152
1	2.54506282335616
1	1.5228962156430632
0	0.0
1	3.7589943208453214
0	0.0
0	0.0
1	2.5072617943078344
1	3.9610871766380447
0	0.0
1	6.118532663319041
1	2.5575129369360643
1	1.5779145241607355
1	1.4554563437381134
1	1.5601702903379424
0	0.0
1	5.050051097647673
1	2.927819313940794
1	0.9950770830460527
0	0.0
1	5.232166037789383
1	1.147311766803241
0	0.0
0	0.0
1	1.3366671244516737
0	0.0
1	3.348202419350936
0	0.0
0	0.0
1	0.9643205508125677
0	0.0
0	0.0
1	3.2787417005359587
0	0.0
1	7.350682934071378
1	1.5443603662096876
1	3.1054027634724153
1	3.289851246077041
0	0.0
0	0.0
0	0.0
1	6.625208279914539
