0	0.0
0	0.0
1	8.040632555725702
0	0.0
1	7.064150511870264
1	1.4586568722519622
1	1.1393891502043614
1	1.187435317257128
0	0.0
1	4.821031816230702
0	0.0
1	4.946864125515488
1	2.761204525465567
1	8.100823209107208
0	0.0
1	1.0696203358910046
0	0.0
0	0.0
1	6.153780009848851
0	0.0
1	4.577256158582
0	0.0
1	3.68404838139694
0	0.0
1	6.651722090826351
0	0.0
1	8.532265922737365
1	1.1639213192649973
1	6.989366264982994
0	0.0
0	0.0
0	0.0
0	0.0
1	3.8228048679207536
1	1.3163333488564795
1	3.6719338513181103
1	2.3545003460553446
1	1.051621870924338
0	0.0
1	3.561487481218524
0	0.0
1	7.858719629623186
1	5.60939771898523
1	5.215201279739722
0	0.0
0	0.0
1	3.641619285935866
1	3.696277483522578
0	0.0
0	0.0
1	2.6341463025903007
0	0.0
0	0.0
1	7.396336985264877
0	0.0
1	1.3745239249438952
0	0.0
1	3.928293384168819
0	0.0
1	5.008034636306571
1	1.2442357721191382
1	1.368284519108887
1	1.4696943533351026
0	0.0
0	0.0
1	1.566792192448458
0	0.0
0	0.0
1	0.9229889789776261
1	3.5967419510147716
1	4.693790293586684
1	2.9485108664578212
0	0.0
1	5.76647482657027
0	0.0
1	7.936814513741245
1	7.33765182078228
1	1.263183470246556
1	7.851733767145284
0	0.0
0	0.0
0	0.0
0	0.0
0	0.0
1	3.761544873157385
1	1.5413370895831067
0	0.0
1	1.1172872279858663
0	0.0
0	0.0
0	0.0
1	4.492993606409943
1	1.3048023469367802
1	3.5386200060831317
0	0.0
0	0.0
0	0.0
1	1.5801981581139795
0	0.0
0	0.0
