1	8.071542941278947
0	0.0
0	0.0
1	1.3976308943802391
1	2.657462914556915
0	0.0
1	7.815944280652643
0	0.0
0	0.0
1	1.0155082056775904
1	1.0628369244768643
1	2.2846944349172364
1	6.634321538320357
0	0.0
0	0.0
0	0.0
1	2.8643066505240764
1	0.9266948099630234
1	5.682954739170036
0	0.0
1	6.337308504748365
1	3.553696768440852
1	1.3745265840321328
0	0.0
1	1.3354808445431199
1	3.3023799758489614
0	0.0
1	3.6874581839707274
0	0.0
1	5.859590209990374
1	7.7610263563642645
0	0.0
1	1.2538041228511116
1	2.499327682610187
1	1.4280293988571988
1	1.0330628548868106
1	3.641946077460403
1	3.817901957614118
1	2.679040674865799
0	0.0
1	3.8173306138556207
0	0.0
1	2.3318447037493297
1	0.9723101401798707
0	0.0
1	1.2029835004520313
0	0.0
1	3.012600811330736
0	0.0
1	1.0356363259066632
0	0.0
0	0.0
1	6.963934346371924
1	6.637666955800514
1	3.1720124533306637
1	3.80431970550527
1	5.94310567413301
0	0.0
0	0.0
1	0.9456228392636618
1	1.5696954791912954
0	0.0
1	5.697019388140451
1	0.9744844517565742
1	3.65178261016281
1	2.7616854802002124
1	1.2575313267848522
0	0.0
0	0.0
0	0.0
0	0.0
1	3.173446368863731
0	0.0
1	7.336791407147084
1	2.4837068160739015
1	1.1673787396251676
1	2.7844677693775832
1	0.9187819896821761
1	1.1475996025722135
0	0.0
1	5.958497242285014
0	0.0
1	2.3308363297300247
1	7.896665774397648
1	3.7107719034006665
0	0.0
1	1.444655683574788
1	1.162698018417167
1	0.9539854951755448
1	3.187998144972425
0	0.0
0	0.0
0	0.0
1	8.227315435986434
1	3.5127660212222964
0	0.0
1	1.1408011413933894
1	1.332063145857084
1	1.5201819704935335
1	4.938867149097445
