0	0.0
1	2.8635877186124548
1	5.991485877364293
1	2.3356180042072476
0	0.0
1	3.1623380117575848
1	5.817693617617133
1	3.938692653430398
1	3.0769893765292253
1	1.5619672318860371
1	2.4892902254459224
1	1.0719355936721784
0	0.0
1	3.597500474903691
0	0.0
1	1.3723278481658028
1	3.8765385201069655
1	2.305186083317057
0	0.0
0	0.0
1	1.465413808684012
0	0.0
0	0.0
1	3.905260043809181
0	0.0
1	2.6867049377592753
1	7.7658931651718275
1	7.243662215520661
0	0.0
1	6.202113265755839
1	1.412455055128325
1	2.8599770876284
0	0.0
1	5.992520104706497
1	1.583509681003152
1	1.3500505720482323
1	3.28764624953756
0	0.0
1	0.9570298152901956
1	8.438422344500328
0	0.0
1	1.0707104085569408
0	0.0
1	1.0450151922675088
0	0.0
1	2.980644450353204
1	7.18747670578049
1	1.3322610002302322
0	0.0
1	1.1011860391836223
0	0.0
1	1.4717660863820683
1	6.985873294784008
1	1.3000644918935347
1	5.330969903908853
0	0.0
1	5.078838131420933
0	0.0
1	6.8182329132135635
0	0.0
1	2.5749114322968505
0	0.0
1	2.3732070071020193
0	0.0
0	0.0
0	0.0
0	0.0
0	0.0
0	0.0
1	2.3712652920426924
1	3.4411989215476355
1	1.1604006778834335
0	0.0
0	0.0
1	0.9609002876310039
0	0.0
1	1.4443131554632913
1	1.2938282239214685
1	5.9425457895572675
1	4.951907757091598
1	3.6519820287310845
0	0.0
0	0.0
0	0.0
1	1.4958147367359609
1	1.4400743060195578
1	4.806248154506147
1	5.39261167433269
1	1.5379154628783023
1	0.985519225809438
0	0.0
0	0.0
0	0.0
1	1.5455888331754046
1	8.110975665386231
1	3.735648917821386
1	5.633729880435623
1	2.8638652857317375
0	0.0
1	3.399170825197898
