1	5.5063555540918125
1	5.601622426133661
0	0.0
1	7.150897897617495
1	0.928281008961982
0	0.0
1	0.9632820867022507
1	3.430553609624447
1	2.8238778017639246
1	8.057116572905223
0	0.0
1	1.0753107837504063
0	0.0
1	3.2581139291241596
0	0.0
1	6.02724129835588
0	0.0
1	1.3079057652189023
1	2.9159983818289392
1	2.381616960008101
1	1.4383325229978539
1	3.8497533382729725
0	0.0
1	7.849623183675348
0	0.0
1	7.663437788442426
0	0.0
0	0.0
1	6.808265747979539
1	1.429973716169867
1	3.4199923782519908
0	0.0
0	0.0
1	0.9320728817021228
1	6.746662139151401
1	5.830395471465706
0	0.0
1	2.718626555329849
1	2.842186316757105
0	0.0
0	0.0
0	0.0
0	0.0
1	3.370699429605884
1	4.499698522777815
1	6.138550983928765
1	2.743001044107837
1	2.6903834442511116
0	0.0
1	3.889750159188
0	0.0
0	0.0
1	1.2172121900843775
1	1.0655919981643682
0	0.0
1	7.382083653321391
0	0.0
0	0.0
1	7.5223608038087955
1	2.552275006006956
1	3.79312432769292
1	5.9705405147240835
1	2.2647354149728787
1	1.1691435496762672
1	3.513453546298743
1	5.950782577021224
1	3.627864871932602
1	1.089496650811087
0	0.0
1	1.544594202455095
0	0.0
0	0.0
1	3.940211013777645
0	0.0
0	0.0
1	3.4186530735357854
1	0.9173747558930467
1	1.2064309543564282
1	1.0542073724903716
0	0.0
1	2.9560484678280043
1	2.653964967147714
1	2.8035245987081865
0	0.0
1	3.1097984961461416
1	5.44929292888573
1	1.3684258112385739
1	2.4774496556677432
0	0.0
1	3.560769062124717
1	2.3601495650119495
1	3.71742586269606
1	3.5492851607997693
0	0.0
0	0.0
1	5.564491383991609
0	0.0
1	3.0935909285857965
1	1.2595992394808615
0	0.0
