0	0.0
1	1.5872615113256194
1	1.0881131680245666
0	0.0
0	0.0
1	2.326923511487594
0	0.0
1	3.6979054790276678
0	0.0
0	0.0
1	3.2181476127291515
1	1.3364202163331735
0	0.0
1	2.616348387271448
1	3.0424915413359477
0	0.0
0	0.0
0	0.0
0	0.0
0	0.0
0	0.0
1	1.2223348636057274
1	1.0881601581637739
1	1.14560665443723
0	0.0
1	1.3855905547866754
1	1.1150248418796864
1	8.467966382353639
1	3.055148839418037
0	0.0
0	0.0
1	2.996331602662045
0	0.0
1	1.5514975748586188
1	2.4734535590681626
0	0.0
1	3.7124742395809904
1	3.1118010672141603
0	0.0
0	0.0
1	3.204652050029919
1	2.612131039495622
1	2.2690040095283424
1	3.255432535416613
1	1.2118000363982637
0	0.0
0	0.0
1	1.506098744916783
1	1.5175019771059168
1	1.154417772771648
1	0.9155728575901106
1	5.819594153584662
1	0.9569767666977789
0	0.0
1	5.881768751079773
1	1.1486715211860934
0	0.0
1	1.315460871707082
0	0.0
1	5.31800362011956
1	3.8287399697852074
0	0.0
1	2.566671192783618
0	0.0
1	3.0322068921469714
1	1.2330535178623099
0	0.0
1	0.9430057206493803
0	0.0
0	0.0
1	4.982830808985417
0	0.0
0	0.0
1	6.844830584400265
1	1.448638457478229
1	3.685295299948804
0	0.0
1	1.423934760196368
1	1.477115069410142
0	0.0
0	0.0
1	2.869284141634922
1	8.170660008570305
1	1.063592044034868
1	2.7643515972278534
0	0.0
1	2.514969137560745
1	6.115794266286256
1	1.070768565155682
1	8.21380451398213
1	2.60343281012489
0	0.0
0	0.0
0	0.0
1	6.872035102878623
1	1.134310753335102
1	1.3858041893545607
1	2.8185584447267735
1	5.616810774890297
1	1.5562872631555247
