1	2.6354357426929798
0	0.0
1	2.3907613709956475
1	4.630194727383226
1	7.103762743621658
1	1.0356957895312926
1	7.111573498763719
1	8.591628873522243
0	0.0
1	1.0546516836488864
0	0.0
1	6.210460525604174
1	3.473840623241921
0	0.0
1	1.5159326756579015
0	0.0
0	0.0
1	5.978335663726315
1	1.5846668328139546
1	6.244174900537132
1	5.158717915233922
1	1.5251331220890774
1	1.5292294823049413
0	0.0
0	0.0
0	0.0
1	7.582063308141473
1	7.163776454949566
0	0.0
0	0.0
1	2.6560559467860227
0	0.0
1	3.0091423305433675
1	5.091973483488659
1	2.386394375248473
0	0.0
0	0.0
0	0.0
1	0.9098594033632019
1	7.717559167581191
1	1.3564065614609087
1	8.139828775380446
1	7.193841470251369
1	1.0640461218099502
1	2.6310021506335732
1	3.829277348724429
1	5.290765208333886
1	1.3419179706104205
1	8.02529387413903
0	0.0
1	4.6940695360368725
1	7.994553558281435
0	0.0
1	1.056606493488387
1	6.671948249279159
1	5.6519704709590055
1	2.8396611127040323
0	0.0
1	3.454643567542824
1	0.9207905249523731
1	1.2033786574613283
1	6.875515362486133
0	0.0
1	3.0247551100241115
1	1.0338655511879584
1	6.079547284116275
1	1.253770752770735
1	3.1114394256491194
0	0.0
0	0.0
1	3.9594188390578524
1	1.394860435010937
1	2.7044387166634136
0	0.0
0	0.0
1	0.9550995861572765
1	1.337575997679632
1	8.01170993429354
0	0.0
1	3.4487537519684053
0	0.0
0	0.0
0	0.0
1	1.5618192570881093
0	0.0
1	3.495118300473463
0	0.0
1	2.9263263738912317
1	1.1541336362878778
0	0.0
1	3.6630374500147913
1	2.7309006336128427
0	0.0
1	1.508019798234018
1	5.398108917126259
0	0.0
1	0.9499629490731948
1	7.476590603609386
1	3.1927663449580628
0	0.0
