1	5.5419397981531455
1	3.603283789206914
0	0.0
1	1.3188698042639482
0	0.0
1	8.05299294842768
1	8.039540402986855
1	3.3178056407260033
0	0.0
0	0.0
0	0.0
0	0.0
1	3.128499250426985
1	0.9623541801620143
1	1.278000241140972
1	3.9332879142620616
1	5.957061481268701
0	0.0
1	8.075841085554028
0	0.0
0	0.0
1	0.972241831491199
1	3.8462955823495153
0	0.0
1	1.0344052004983926
0	0.0
0	0.0
0	0.0
0	0.0
0	0.0
1	2.5423887259065236
1	3.7662507845004356
1	0.9856586525579755
1	8.168217677027425
1	0.9992843081775931
0	0.0
1	3.3840623243014165
0	0.0
1	8.544754001425769
1	1.0816199016683155
0	0.0
1	4.894353785227813
1	6.276778160256465
1	7.803652256560896
0	0.0
1	3.9909245829514695
1	0.9269168473013938
0	0.0
0	0.0
1	4.885833121474333
1	1.5609157143046217
0	0.0
0	0.0
0	0.0
0	0.0
1	1.0023127341342761
1	1.583445895331078
1	6.692099757417178
0	0.0
0	0.0
1	3.4786418881736694
1	2.779877648634147
0	0.0
0	0.0
0	0.0
0	0.0
1	5.523942983941555
1	5.1061252673009365
1	1.3588113200875704
0	0.0
1	2.4490809306792483
1	1.3125153068656337
1	1.5440275148032576
1	3.1211188887668015
0	0.0
1	1.171707980151239
1	2.6674470134345403
1	1.0791445392691137
1	4.479934114823061
1	1.556925458537537
0	0.0
0	0.0
0	0.0
1	6.025441567873934
0	0.0
0	0.0
1	2.6750555415785033
0	0.0
1	2.9698092305972157
0	0.0
0	0.0
1	2.722155496470985
1	1.2169990199247271
1	7.343486547912851
0	0.0
0	0.0
1	1.3992048505643928
1	3.13764642167677
1	1.3203874455016225
0	0.0
