0	0.0
0	0.0
1	2.9540814277085876
1	5.149085959263196
1	2.8155284655515542
0	0.0
1	2.539956533981125
1	1.404986201372144
1	4.916723207405889
0	0.0
1	1.127843638311824
1	1.2886598958583182
1	1.4164164397799008
1	1.2146276013541346
1	3.7969424138330052
1	7.572038765837236
0	0.0
0	0.0
1	1.214277457883822
1	1.2617352852394874
1	1.41987720930311
0	0.0
1	1.2156668992039492
0	0.0
1	3.059709464997152
1	2.8753288391783873
1	7.495501397176697
1	3.154882063193478
1	6.956367512800062
0	0.0
0	0.0
1	6.151722183077459
1	7.380424958169549
0	0.0
0	0.0
0	0.0
1	8.400733417731047
0	0.0
1	1.216371743382425
0	0.0
1	0.9476720878172344
0	0.0
1	2.3827292618485685
1	8.176819448841899
1	6.86861336028312
1	4.760275101424302
1	4.939936110514158
0	0.0
1	3.8954430824323802
0	0.0
0	0.0
1	5.095902909983603
0	0.0
0	0.0
1	3.92295941752192
0	0.0
0	0.0
1	0.9844093521129177
1	6.98316977419821
1	6.182433865713578
1	3.640764250955181
1	5.95316488894528
1	5.064216812799222
0	0.0
1	2.4178984366112592
1	1.4068961319749373
0	0.0
1	2.9538173289759153
0	0.0
0	0.0
1	1.3856452907128713
1	1.0525493624511668
0	0.0
1	2.383057149012437
1	3.8993473883060825
1	4.747254110048738
1	7.909682382047686
0	0.0
0	0.0
1	7.016517992131666
1	1.3798311740235705
1	3.3329590905109576
1	4.974997193441033
0	0.0
1	2.3824239504715043
0	0.0
1	4.715694133715516
0	0.0
0	0.0
1	1.3691422273661518
0	0.0
1	1.069914079023125
0	0.0
0	0.0
0	0.0
1	1.1226738750545062
0	0.0
0	0.0
0	0.0
1	7.518792645550325
