1	7.210035125497852
1	1.5328436332612645
0	0.0
1	1.4387023808156703
1	1.214176829481262
0	0.0
0	0.0
1	3.2477876513385633
1	3.328844180535642
1	5.4368381172581355
0	0.0
0	0.0
1	6.227143603555966
1	3.282429528916074
0	0.0
0	0.0
1	6.2059428814485855
1	6.904475855959159
0	0.0
1	1.5317807279121154
0	0.0
1	1.0401109107139432
0	0.0
1	1.1809117628317738
0	0.0
0	0.0
1	6.626511122755893
1	3.2215554210114368
0	0.0
0	0.0
1	1.4801993039356085
1	0.9189030321923021
0	0.0
1	7.653093591068005
1	5.712994450649978
1	6.590865609468658
0	0.0
1	7.565575194867309
1	0.95732906739842
1	2.989352868111523
0	0.0
1	2.841604732515243
1	3.7589974095551604
1	1.1605581608628976
0	0.0
1	2.967193890673213
1	3.210249972960097
0	0.0
0	0.0
1	3.400225678012157
1	2.2992512838523145
1	1.5258922487621427
0	0.0
1	3.9379881842021507
1	6.585245284706733
0	0.0
0	0.0
1	3.2302192557727247
1	7.422403601340455
1	2.6006562675487737
1	3.16951358125139
0	0.0
0	0.0
0	0.0
1	5.530896021867697
1	5.184958585510556
1	8.420961478972771
1	6.779136998135992
1	8.5105755181911
1	2.326037241832
1	4.78689507795306
1	3.1809915953464234
0	0.0
1	3.9062023750338954
1	1.21853044296508
1	1.4772840168323182
0	0.0
0	0.0
1	5.230080241560091
0	0.0
0	0.0
1	3.4515515447379737
0	0.0
1	3.1038441424497196
0	0.0
1	7.909255381015762
0	0.0
0	0.0
1	5.527600717575497
1	1.2156608183132196
1	2.5019754134911714
1	1.3728711601188706
1	6.209839160167767
0	0.0
1	4.921710500846077
0	0.0
1	7.52411078376781
0	0.0
0	0.0
1	5.711228367209442
