1	5.678186250101567
0	0.0
0	0.0
1	1.0524606403006134
1	3.129845100489301
1	5.5545359943082016
0	0.0
1	7.189174157029321
1	2.3591713979969318
0	0.0
1	3.875993413491672
0	0.0
1	1.0732374489227943
1	4.518974352642359
0	0.0
0	0.0
1	6.404771060381762
0	0.0
1	0.9401687645422029
1	1.4596240363809394
1	1.4068069084507382
0	0.0
0	0.0
1	1.2125379946434
1	2.4835567651742703
1	7.040506560696213
0	0.0
1	2.4088883167364967
0	0.0
0	0.0
1	1.3026779491565503
0	0.0
1	3.0843145028267673
1	1.5273009560022177
0	0.0
0	0.0
0	0.0
1	1.3718747100223982
0	0.0
1	1.5199941631252405
1	7.538971342021573
0	0.0
0	0.0
1	1.495514826514294
1	8.546644442415097
1	2.59009933041502
0	0.0
1	3.164488953229395
1	7.773971478601199
0	0.0
1	1.4091909766170714
0	0.0
0	0.0
0	0.0
1	1.1614268756114792
1	4.5921358313027785
1	5.880563923031058
0	0.0
1	1.4374164809015832
1	3.137039721164929
1	4.761412572861745
0	0.0
1	5.994180422712182
0	0.0
1	0.9817436690203544
1	1.1194620817757301
0	0.0
0	0.0
0	0.0
1	7.799257908894355
1	5.468900621298386
1	8.59866496847315
1	0.9879292256147546
0	0.0
1	3.457299698054018
0	0.0
1	1.4599939690981025
0	0.0
0	0.0
1	1.0853101342190286
1	0.9396486731623171
1	3.15717365634697
0	0.0
1	3.6654165477954246
0	0.0
1	1.1841244132560935
1	8.136799745137335
1	3.915456418330297
1	8.476785344343776
1	2.670865189997646
1	8.044980109022163
1	0.9159124704382328
1	5.731229513658138
1	7.042696868905372
1	6.629370844226523
1	5.697981966533598
1	8.015361708484946
0	0.0
1	6.635871660990809
0	0.0
