0	0.0
1	1.541956076026786
1	8.01811600698425
1	3.0280792789417847
1	2.553716107501404
1	2.5943142353872553
1	1.1745959490091011
0	0.0
1	5.392542660236432
0	0.0
1	3.4177891350610388
0	0.0
1	1.3199125796065023
0	0.0
1	1.1188610254931712
1	7.85879443577812
0	0.0
0	0.0
0	0.0
0	0.0
1	0.9462820237348648
0	0.0
1	3.6089378758627775
0	0.0
0	0.0
1	3.3066917134415914
1	2.39434486333534
1	5.866867491613155
1	5.451975850675241
1	5.968855649009827
0	0.0
1	5.275548146511749
0	0.0
0	0.0
1	2.3049325661322966
0	0.0
1	1.355015787448953
1	1.0195318886680877
1	3.684533888814187
0	0.0
1	1.1495947005121594
0	0.0
1	2.8974371839974435
0	0.0
0	0.0
1	3.859945434428319
0	0.0
0	0.0
1	3.2558443496928677
1	8.388949417116336
1	1.5348326685510543
0	0.0
0	0.0
1	1.097274558320418
1	1.4942381655315042
1	1.0904156691878728
1	2.2605506238023283
1	1.0166945717849614
1	5.17632100509416
0	0.0
1	1.4738901314573996
0	0.0
1	1.41741429779039
1	1.5143650349091993
1	6.185122533386908
1	1.388241933718183
1	2.2851787795404377
1	3.8328548561546234
1	1.4290935423054667
1	7.195306297378447
1	1.5143174315315893
1	0.9992409469440294
0	0.0
0	0.0
1	4.5143958067357755
1	7.839683933066581
1	2.6389024074014764
0	0.0
0	0.0
0	0.0
1	1.5874779362170206
1	1.573005039201031
1	1.5666540678831784
0	0.0
0	0.0
0	0.0
1	1.1517716212980091
1	2.7371739730140625
0	0.0
1	1.1587600422328248
1	6.195833551524406
1	1.0888123518140345
1	3.4111500824841277
1	1.3738595402949731
0	0.0
0	0.0
1	2.2985764379928413
1	5.381735179935877
1	5.910297744358204
1	1.0971704659844832
