0	0.0
1	7.619432171962663
0	0.0
1	2.791633484222379
1	5.106407129212307
1	7.004833869657487
1	2.4419903469003175
0	0.0
1	1.4757335411091668
1	4.86906518664031
0	0.0
0	0.0
1	2.485399736756345
0	0.0
0	0.0
0	0.0
1	5.39009856154328
0	0.0
1	3.8191958759187155
0	0.0
1	1.1852231438991254
1	5.7487403471152465
0	0.0
0	0.0
1	5.5116623929368975
1	3.0699115041201313
1	2.2700491481079927
0	0.0
1	1.0102671348521453
1	5.737447862466049
1	1.4266879738296159
1	0.9483931933864675
1	2.440456758305958
0	0.0
1	6.884227187263364
1	6.704698684622654
0	0.0
1	1.579213473510396
0	0.0
1	2.73721873753232
1	5.437713457877966
1	3.6772968194404334
0	0.0
1	3.8885983386299223
1	1.4925519507227047
0	0.0
0	0.0
1	3.298745966070524
0	0.0
1	5.061955632917772
0	0.0
0	0.0
1	2.538530924875664
1	7.936863986253055
0	0.0
1	3.910586069512916
1	5.358292001851727
1	6.313757608417686
1	2.6797020657696033
0	0.0
0	0.0
1	3.760029126146003
1	1.5196919174644536
1	1.3068263326185985
0	0.0
0	0.0
1	1.5359103243903416
0	0.0
0	0.0
1	3.5107991536701446
1	3.411951873951684
0	0.0
0	0.0
1	1.438973081583399
1	3.0241729437747296
1	6.069594944859386
1	3.1325161556269
0	0.0
0	0.0
1	3.1523490850665308
0	0.0
0	0.0
0	0.0
1	1.1033825813384766
0	0.0
1	3.802903983608679
1	7.860344861471074
0	0.0
1	7.990546552254184
1	1.086524567081034
1	7.13812711432657
1	1.0426717847613036
0	0.0
0	0.0
1	1.3377643779310766
1	5.825341669877252
0	0.0
1	1.1279451243441905
0	0.0
0	0.0
