0	0.0
0	0.0
0	0.0
0	0.0
0	0.0
1	2.506243167188218
1	2.4660355537313796
1	1.385230019677659
0	0.0
0	0.0
1	4.691535889865559
1	8.334303197232673
0	0.0
1	1.4060879344458939
0	0.0
1	3.556631971150915
1	1.186293577601168
1	1.544673660169832
1	5.048304599080513
0	0.0
0	0.0
0	0.0
0	0.0
0	0.0
0	0.0
1	5.4739907865490265
0	0.0
1	6.677353119270479
1	2.994765437112496
1	7.614555179675091
1	1.1047235384065621
1	3.985478338913986
1	8.387684233719106
1	3.8053739425311526
0	0.0
0	0.0
0	0.0
1	2.7244737317309546
1	8.291764636778835
0	0.0
1	1.255903819504689
1	1.328765940849752
0	0.0
1	4.7808233025722116
0	0.0
1	1.1187195727495833
1	1.5998558641164449
1	6.588605950471574
1	6.070704287150881
0	0.0
0	0.0
0	0.0
1	8.42557658863259
1	1.4493933031047854
1	6.983943183820307
1	7.43133929721803
0	0.0
1	0.9864617096350724
0	0.0
1	3.711324900898337
1	2.5163598583678657
1	2.2773752548643573
1	3.1231535251931897
0	0.0
0	0.0
1	5.175744390790393
1	5.275851985731294
1	2.793848712291264
1	8.187318875505195
0	0.0
1	3.8150824840469313
1	1.4443273713270561
0	0.0
1	3.4297268760821695
1	3.8081517260449806
1	5.527374810933522
0	0.0
0	0.0
1	8.08572774396218
0	0.0
1	1.5613852145654912
1	7.216541642933074
0	0.0
1	1.1113336357988841
1	2.874718336488747
0	0.0
1	1.413353188371048
1	2.5097191484940162
1	2.4714485574065006
1	1.2519297503904352
1	2.868096053461381
1	1.3138633038266474
0	0.0
1	7.836010187338856
0	0.0
0	0.0
0	0.0
1	1.2126020926651215
0	0.0
1	6.171421164145191
