1	7.145294145781475
1	3.0753550953429185
1	6.496669205298247
0	0.0
0	0.0
0	0.0
0	0.0
1	2.6306815837405124
1	2.3149384084852733
1	1.2034876991267383
1	2.94498918535175
1	1.3170884902063191
1	5.7263726103194665
0	0.0
1	2.6656975045272207
1	6.9275666852501265
0	0.0
0	0.0
0	0.0
1	1.045680904119945
0	0.0
1	3.461274108158005
1	1.4764961832089076
0	0.0
1	1.4655294414919524
0	0.0
0	0.0
1	3.346231505015027
1	3.502620360313089
1	3.5894512331646147
1	1.1349618120342675
1	1.1202889516796817
0	0.0
0	0.0
1	1.5149675648041248
1	4.673797215232344
1	3.010224278860171
1	6.236301115752729
1	0.960997074536455
0	0.0
0	0.0
0	0.0
0	0.0
1	3.4490838991936434
0	0.0
1	2.671359758417283
1	1.0345201548538436
1	4.547403337913474
1	3.208644277296987
1	8.038119103358698
0	0.0
0	0.0
1	3.2584375135023627
0	0.0
0	0.0
1	2.3265941473270186
0	0.0
1	1.4226032050947963
0	0.0
1	1.3364967129409702
1	0.9846640362041351
0	0.0
1	1.0785229147219275
1	3.9442992136777724
0	0.0
1	5.186984112969189
1	3.5402122036487573
1	7.089567799785368
1	5.080533545204179
1	8.097036133925801
0	0.0
1	4.651016332747792
1	2.8830676633401575
1	2.7615730628022246
1	5.8694945293195095
0	0.0
1	2.6408544813806643
0	0.0
1	5.1422366675838695
0	0.0
0	0.0
1	6.548808078477818
1	8.297268948173492
1	3.9951506453741628
1	7.694092828958145
1	3.420897133361818
1	2.9958124047423533
1	2.976865944794465
0	0.0
0	0.0
1	4.9456284122590235
1	7.540616848479766
0	0.0
0	0.0
1	1.2132462104224353
1	7.646636270057424
1	1.3244129633646993
0	0.0
1	8.202862030904196
0	0.0
