1	6.739066680053873
1	3.428621358495794
0	0.0
0	0.0
1	3.867999462873999
1	0.9308273047554181
0	0.0
0	0.0
1	1.4607509044810065
1	3.2273703440209744
1	6.30832205715757
1	3.154395360422325
0	0.0
0	0.0
1	1.2119976396003262
0	0.0
0	0.0
1	6.84745328744188
1	1.4577953350884276
0	0.0
0	0.0
0	0.0
0	0.0
0	0.0
1	7.521376420301215
1	2.702292055185366
1	2.325500536474909
1	7.559989467579276
1	8.425142386246861
0	0.0
0	0.0
1	1.0613290627694378
0	0.0
0	0.0
1	1.3223081593504813
1	2.4578869356327466
1	3.6104962115796893
1	1.0523502854753166
1	2.532556208649007
1	7.201638627859899
1	3.6527169821294385
1	1.517222979137041
1	3.6462113920168426
1	1.4498186876503074
1	3.970325625795893
1	1.435692994305263
1	1.4221086761840525
1	7.384106161136746
1	4.557385951523229
1	1.1334047797126803
1	6.875912745232957
0	0.0
0	0.0
1	3.7044194964463553
0	0.0
0	0.0
0	0.0
0	0.0
1	1.5503023531948403
0	0.0
0	0.0
0	0.0
1	0.9884803080522254
1	0.9273784372872688
1	3.195390057243391
1	1.3463226819137932
0	0.0
1	1.5563402563805364
1	8.361942767521743
0	0.0
1	6.9197498629241965
1	3.369406298435932
1	6.863518563117095
1	3.363899829644067
1	6.186808397632456
1	1.127041365902239
1	2.617950500942821
1	0.9499258976253477
0	0.0
1	7.341455981622902
1	1.4936896127226236
1	2.5052823464392877
0	0.0
0	0.0
0	0.0
1	3.698065428939119
0	0.0
0	0.0
1	5.334551750126619
0	0.0
1	6.9221236132601085
1	3.769756453480735
1	7.63119259165488
1	7.811354879806664
0	0.0
1	3.04723436375872
1	7.46939202991699
0	0.0
1	2.6752396647449523
1	5.520011848976888
