1	5.971778785875253
1	1.0694124981128774
0	0.0
1	1.1710854932930368
1	0.9984213606787257
0	0.0
0	0.0
1	6.435538022979987
1	2.667846365016898
1	0.9738416234302589
0	0.0
0	0.0
0	0.0
1	4.63040174850852
0	0.0
0	0.0
1	3.4600295111242487
1	1.1363261267219693
1	7.007110520040122
1	3.371045678496513
0	0.0
0	0.0
0	0.0
1	2.951924900185579
1	2.6823311081042203
1	3.8965974601605624
0	0.0
0	0.0
1	5.147174929097345
1	3.857659286911623
1	1.4542810951797116
0	0.0
0	0.0
1	2.8996527917957104
0	0.0
1	6.434518028075605
0	0.0
1	3.446545733059802
1	5.5639094768948105
1	7.40174702587825
1	1.3452864145819516
0	0.0
1	1.185331222042549
0	0.0
0	0.0
1	0.9872303888804504
1	6.064363778909786
1	3.9759078735948625
1	1.5362031228867323
1	1.1824314228005532
0	0.0
1	2.733981570191932
0	0.0
1	5.5936713186645965
0	0.0
0	0.0
1	2.4160348444620494
0	0.0
0	0.0
1	2.6866082447392854
1	1.5432414459957093
1	2.998447226045346
1	2.256392826384757
1	1.016601856562974
0	0.0
1	3.03895789977184
1	7.080723852387492
1	2.8520944986552133
0	0.0
0	0.0
1	2.539976842787589
1	1.373585236448962
1	7.3283938753847195
0	0.0
1	4.899047523935969
1	7.456075191420117
1	1.4141720065952033
0	0.0
1	1.0320389733887847
0	0.0
0	0.0
1	5.731010412997749
0	0.0
1	2.622097384294898
0	0.0
0	0.0
1	2.919259313798066
1	3.101504142143491
0	0.0
0	0.0
0	0.0
1	0.9988192063163042
0	0.0
1	3.881038144379008
1	7.033820136396757
1	0.9689019220723785
0	0.0
1	6.891638695348732
0	0.0
0	0.0
