0	0.0
1	1.4490842083506994
0	0.0
0	0.0
1	8.362370016743526
1	7.413868953339012
1	1.3452315932640433
1	1.084166853476721
1	1.157079810170783
1	0.9581857443368752
1	2.96646779640611
1	7.565499041945703
1	2.5609325025842513
1	1.252182909214564
0	0.0
0	0.0
1	7.923049719484969
1	3.0968812783895734
0	0.0
1	3.3246679623765623
0	0.0
0	0.0
0	0.0
1	1.236493440992498
1	1.506914774915896
1	1.5900544455030543
1	1.3805961954689447
1	5.535679993943041
1	6.5249664767886
0	0.0
1	1.3100433309177237
1	1.4989182418625844
1	0.9546182823081609
1	1.4615776825364053
0	0.0
1	3.215883293343446
1	5.989244325645147
1	3.1362014406748524
0	0.0
1	0.9182028811681644
1	2.6876392580371244
1	3.2073549222569455
1	1.0460955716020148
1	4.863274059156874
0	0.0
1	3.4527776656784566
0	0.0
1	8.203899933957445
1	5.426382917450454
0	0.0
0	0.0
0	0.0
0	0.0
0	0.0
0	0.0
1	3.485767263385353
0	0.0
1	6.357477638214248
0	0.0
1	7.642656460059213
0	0.0
1	1.4007028228138663
1	1.0905309812522739
0	0.0
1	2.690787263860431
0	0.0
1	1.2390263212475188
0	0.0
1	3.7289538362352155
1	2.834053249248211
1	1.4201053712773026
1	1.4428570858471685
0	0.0
1	1.115477730304794
0	0.0
0	0.0
0	0.0
0	0.0
1	6.702737317128392
1	3.532579097286522
1	2.9130504278632094
1	3.4906114519822027
1	0.9820213861135447
0	0.0
1	1.5722254012449537
0	0.0
0	0.0
1	1.3593836084026436
0	0.0
0	0.0
0	0.0
1	1.3148601360066414
1	5.706479277352942
1	2.439701851817625
0	0.0
1	1.3412059396459002
0	0.0
0	0.0
1	1.4919126005348131
1	2.770078419764788
