1	3.086791699806399
1	2.8951463779785978
0	0.0
0	0.0
0	0.0
0	0.0
1	1.489384213272083
1	8.316246888641263
1	3.451024255692759
1	3.905099443514501
1	3.1764401207163155
1	6.4597907328923965
0	0.0
1	6.49779997272358
0	0.0
1	3.8913697359339627
0	0.0
0	0.0
1	1.4080791364898517
1	3.9901602227074187
1	1.5754450436201628
1	7.400081727721798
1	1.2595031415202653
0	0.0
0	0.0
1	3.1416353514438886
0	0.0
1	7.959066474777878
1	6.545633381951197
1	0.9737856006558004
1	0.9645253366037281
0	0.0
1	0.9597739840201958
0	0.0
1	1.0122853548984594
1	1.0460190172054977
1	7.559299380487375
0	0.0
0	0.0
1	2.3433082209731344
1	6.795729425222926
0	0.0
1	0.9451567201271911
1	0.977158098877327
0	0.0
1	3.98859119392507
1	6.693546338741744
0	0.0
1	8.188114928122996
1	8.336931355641298
1	5.962013308570493
0	0.0
1	3.0757635929903047
1	3.9925455170366484
0	0.0
0	0.0
0	0.0
0	0.0
1	2.3291871638031423
0	0.0
0	0.0
1	1.066899759648185
1	2.4228185617235423
1	5.987596918321989
1	1.4050491110124166
0	0.0
1	5.828087853145367
1	7.00515946781661
0	0.0
1	3.264748159585618
0	0.0
1	5.103715349545982
1	2.3302003509839384
1	6.454797692606413
1	7.236009772801184
0	0.0
0	0.0
0	0.0
1	1.0607292712204637
1	2.895706290376804
0	0.0
0	0.0
1	6.825185957873538
0	0.0
0	0.0
1	1.2652623074320108
1	1.4496462156004584
1	7.1495986006204
0	0.0
0	0.0
0	0.0
0	0.0
0	0.0
0	0.0
1	1.3213310562073022
1	7.483725853294726
1	7.443906857265682
0	0.0
1	1.418505788217025
1	3.264257287117232
