1	1.2386290689935597
1	8.369974614614918
0	0.0
1	2.739858048026184
1	6.681333007188762
1	3.5786542899675293
1	1.0879687359334649
1	3.9200084228721463
1	8.088624532299596
1	2.2799835284844696
1	7.77300231836692
1	6.550771478627783
1	1.0454232679613638
1	5.889144805532435
1	3.600103433940449
1	0.9639783268182469
1	8.587408312627375
1	1.3188779429496669
1	3.820309407707942
1	3.8586897487268113
0	0.0
0	0.0
0	0.0
0	0.0
0	0.0
1	5.415744737264592
1	1.5908987619507915
0	0.0
0	0.0
1	2.555152088143672
0	0.0
0	0.0
0	0.0
0	0.0
1	3.0606947491908434
0	0.0
1	5.933112393169217
1	0.917706724165151
1	1.4834880380527906
0	0.0
1	6.850271007107839
0	0.0
1	3.2809292962715846
0	0.0
0	0.0
0	0.0
1	5.216973567926721
1	7.21339764787675
0	0.0
1	0.9214863353656505
1	1.3504765088150172
0	0.0
1	2.985072877604618
0	0.0
1	4.80601252709471
1	1.0204118922333265
1	5.964131254044256
1	5.006905910194726
1	4.57407681859628
1	1.3667525617650034
0	0.0
0	0.0
0	0.0
0	0.0
0	0.0
1	2.418182949562946
0	0.0
0	0.0
1	3.0842041721088878
1	1.4201067880694755
0	0.0
0	0.0
1	4.817273120309057
0	0.0
0	0.0
1	3.1965193911472842
1	5.256440563397966
1	3.3211090368591893
1	0.9857156659731499
0	0.0
1	3.5567023114401946
1	5.772100083384151
1	1.595987790976054
1	2.4273282677496266
0	0.0
1	1.2912209232556346
1	1.200161146489087
0	0.0
1	5.232533904220584
1	7.640594137011081
0	0.0
0	0.0
1	1.5787699394326054
1	1.4409518843955973
0	0.0
0	0.0
0	0.0
1	1.2363277796177479
1	5.851777078767109
0	0.0
