0	0.0
1	3.546459479695033
1	1.3639368560876255
0	0.0
1	0.9795296230172577
0	0.0
1	1.5669710382067423
0	0.0
0	0.0
1	5.470280116326992
0	0.0
1	0.9919713210923397
0	0.0
1	1.5741554027742541
1	7.684991212388254
0	0.0
1	6.317860265662061
0	0.0
1	2.797410282890365
1	3.317807154759552
0	0.0
0	0.0
1	6.737673372971043
1	3.9055854816574858
1	8.274478557516218
0	0.0
0	0.0
1	3.043205766719624
1	0.96734176802995
0	0.0
1	3.5267031204671357
1	3.3096008515757163
1	5.644271823560856
1	5.236930020961349
1	7.106838143041371
1	6.089190561584853
0	0.0
1	2.3754630265720915
0	0.0
1	6.148459926515498
0	0.0
1	4.70056264159997
1	8.167749204239712
0	0.0
0	0.0
1	5.807181334141976
0	0.0
1	1.4930885414279111
0	0.0
0	0.0
1	1.3784908019452118
1	1.5852481883083742
1	1.2531105126061504
0	0.0
1	3.6055103627594556
1	5.631534411224172
1	3.9653820555485098
1	8.366140151524117
1	6.4160177693936715
0	0.0
1	1.0370018393067584
1	2.8561040384075125
0	0.0
1	7.31388743115046
1	1.5780558949024521
0	0.0
1	3.7970952205178943
0	0.0
0	0.0
1	3.872749981633977
1	5.718165853828398
0	0.0
0	0.0
1	3.682578350872759
0	0.0
1	6.372340925594479
1	3.400146983269476
0	0.0
0	0.0
0	0.0
1	1.1642949015496928
0	0.0
0	0.0
0	0.0
1	2.5699131220037157
1	3.334908433124783
1	8.042380434728706
1	3.022007154599185
0	0.0
0	0.0
1	0.9436003799788792
0	0.0
1	2.684727119918783
0	0.0
1	3.478487996431404
0	0.0
0	0.0
0	0.0
1	1.5595626303220143
1	1.5235637591396585
