1	1.3127142999025607
1	7.217739514931915
0	0.0
1	6.180608200353388
1	3.8723677284557625
0	0.0
0	0.0
1	8.266922418233726
1	5.13126227190761
1	3.119523042054725
1	3.9292180769026914
1	7.098105812779545
0	0.0
1	1.402403772616387
1	6.823840124315984
1	3.782853299107906
0	0.0
1	1.4768610074354833
1	1.2069312603635676
0	0.0
1	3.238353913423843
1	1.0701461573937732
1	7.61507196002144
1	1.298239233872509
0	0.0
0	0.0
0	0.0
0	0.0
1	6.959529812339444
0	0.0
1	1.5036672858028841
0	0.0
1	3.2280048241994463
1	3.2146541589878037
1	1.4073726283836425
0	0.0
1	6.662303478823525
0	0.0
1	1.528040611589236
1	8.432523128409526
0	0.0
0	0.0
1	5.02166683272596
0	0.0
0	0.0
0	0.0
0	0.0
0	0.0
1	4.624610082318412
1	3.5989713422163065
1	5.296872136248891
1	1.3807180255521607
0	0.0
1	4.660488018674374
0	0.0
1	6.171757334422709
1	0.9980463498181243
0	0.0
1	0.9129805361479802
0	0.0
1	7.34456951570298
1	2.4436587032024293
1	7.286685618711141
1	3.51340607239303
1	2.3106004394474153
0	0.0
1	3.432948168862199
0	0.0
0	0.0
0	0.0
1	6.198197995702597
1	3.3682842200901226
0	0.0
1	7.000422861525207
0	0.0
1	5.651812999303617
1	1.113528060594398
0	0.0
0	0.0
1	6.352452738238628
1	1.3810948696711312
1	8.374258048350006
0	0.0
1	3.069211107316531
0	0.0
1	5.205217681066341
0	0.0
1	3.2194043529631653
0	0.0
1	6.2266483772482655
1	1.257316342737354
1	3.0640871786366572
1	3.7119197886925126
1	3.783340712091033
1	1.2476901803633296
0	0.0
0	0.0
0	0.0
0	0.0
0	0.0
