0	0.0
0	0.0
1	1.3026506848257386
1	2.9175340851862877
0	0.0
1	2.5415634249981416
0	0.0
0	0.0
0	0.0
1	1.4359181719278906
1	6.668499928243334
1	6.948982130064225
0	0.0
1	6.280580207635385
1	4.504833620974597
1	1.3487678246863992
0	0.0
1	2.9535533173408726
1	2.560118898399029
1	1.5422066151494027
1	4.76494563919056
1	7.670596065913947
0	0.0
0	0.0
1	1.2346296663051506
1	1.2292449159333354
0	0.0
1	1.0998328401078377
0	0.0
1	1.3472452977191263
1	1.425704069050914
0	0.0
0	0.0
1	1.267777762935082
1	1.3685758683674836
1	1.311962047020208
1	8.472233603903895
1	3.3139360876202195
1	4.663285614760287
1	0.9346324348413881
1	1.5269939897455216
1	5.683676626309049
1	1.0625653628509084
0	0.0
0	0.0
0	0.0
1	1.24227010171291
1	1.14953672874047
1	4.701359306034631
0	0.0
1	1.0002285224364154
1	2.2804348708392936
0	0.0
1	1.250042704120868
0	0.0
1	0.9624815242253856
1	2.685211561000573
1	2.5114060154842544
0	0.0
0	0.0
0	0.0
1	8.328572787762779
1	3.759010872650794
1	6.009151218628131
1	1.387817492839864
0	0.0
0	0.0
1	8.195954121205363
0	0.0
1	3.209313865552863
0	0.0
0	0.0
1	1.2957708618099866
1	6.714680697959264
1	4.626812132409021
1	2.3042312210227376
0	0.0
1	3.3284507495570566
1	3.9694300729168552
1	0.9765309116008415
0	0.0
1	1.2394950389393493
1	1.3718390597088863
1	3.5331891331491514
1	2.711329713376787
1	2.4287625394061765
1	4.470714445496366
0	0.0
0	0.0
0	0.0
1	3.680024520596663
0	0.0
1	3.7558265349062983
1	3.3347070585228433
0	0.0
1	1.4804149052570352
1	0.9854311691976935
1	1.272960246813383
1	1.2055317305533864
0	0.0
