1	6.374895225394721
1	1.453510254507059
0	0.0
1	3.809670070519296
1	1.1055696564741508
1	1.241100862535732
1	2.5735800664888173
0	0.0
1	1.2205034192860547
1	3.4297529776949505
1	0.9813995530104185
0	0.0
0	0.0
0	0.0
0	0.0
0	0.0
1	7.832063371200217
0	0.0
0	0.0
1	1.2904060393456662
0	0.0
1	1.1392706126254117
0	0.0
0	0.0
1	2.709231297880163
1	6.31307521809733
1	1.0357181710380838
1	3.076437460832945
1	2.261628841573028
1	3.643664664267482
1	8.350645800063472
1	1.5889618424014227
1	1.4805660847462017
0	0.0
1	3.970936544844759
1	2.4177460340756483
1	1.3874319999447953
0	0.0
1	7.474410361519143
0	0.0
1	0.9623975688371489
0	0.0
1	3.075189869919946
0	0.0
1	3.6622371432769083
0	0.0
0	0.0
0	0.0
1	5.953656468401221
1	1.0039197988967765
1	2.6995304026408036
1	1.3700719179313503
1	3.2690162022514326
0	0.0
1	1.572567681736627
0	0.0
1	1.5544934192765418
0	0.0
1	3.4270800682732516
0	0.0
0	0.0
1	3.847120728598556
0	0.0
1	1.0995213639096455
1	3.750920301051824
0	0.0
0	0.0
1	2.612678481466965
1	3.3180759030404126
0	0.0
0	0.0
1	3.376637726813722
1	1.4341972722646181
0	0.0
1	1.269846763770095
0	0.0
1	2.8241552813785806
0	0.0
0	0.0
1	3.298371970480124
1	7.774236883023807
0	0.0
0	0.0
1	7.688872641080894
1	0.9989193154274868
0	0.0
1	1.3147102356175289
0	0.0
1	3.223404692519667
0	0.0
1	1.507089710411723
1	2.6183790990135596
1	1.5063411771536193
0	0.0
1	2.3729776468923265
1	2.9966783277406446
0	0.0
1	3.4278801230792078
1	1.2202226715134703
1	1.1776044722399663
