1	3.1744552101170456
0	0.0
1	2.5292800919815828
1	1.2696791316062788
1	1.4994915448701032
1	1.511548857559641
0	0.0
1	7.262196881205199
1	5.717293157681131
0	0.0
0	0.0
1	1.1284589351555618
1	1.5974463995831854
1	1.1510382577403973
0	0.0
1	5.985198807862865
0	0.0
0	0.0
1	3.206756865167275
1	2.648280424811623
1	5.879567111753001
0	0.0
1	2.54232363426688
0	0.0
0	0.0
0	0.0
0	0.0
0	0.0
0	0.0
1	5.961093946957955
1	3.612524073519943
1	1.4036196918430188
0	0.0
1	3.1286904183264164
1	0.9314610705835957
1	3.7406227337378923
1	3.4304906999025064
0	0.0
1	1.560679884186944
0	0.0
0	0.0
1	2.4865339273705436
1	1.4409006986015935
1	8.208150378642841
1	4.561961170916126
1	1.3948405912037862
0	0.0
1	1.1550668572919056
0	0.0
0	0.0
1	7.789101419049141
1	5.707001385123466
0	0.0
0	0.0
1	7.256900617364436
0	0.0
0	0.0
1	0.9202337553300072
1	1.400343308369873
1	3.660869790275217
1	8.037447913327192
1	2.6232946099865035
1	6.276977914613574
0	0.0
0	0.0
0	0.0
1	4.756972818956775
1	3.900750888044752
0	0.0
1	2.9928357517009108
0	0.0
1	5.48924040837947
1	4.501668295058101
1	1.22515656607349
1	5.814799944158639
0	0.0
1	3.363577625396984
0	0.0
1	3.4849711959414065
0	0.0
1	3.623276135390268
1	1.3046683676629436
1	3.2033081332093665
0	0.0
1	1.59824778805134
1	0.9749635623784767
0	0.0
0	0.0
1	1.2580652395155636
1	5.5521316521672786
1	4.894309251501793
1	0.9584969351427282
0	0.0
0	0.0
1	8.133113164723202
0	0.0
1	2.883373178623353
0	0.0
1	3.8253950329670268
1	6.6931427185412655
