0	0.0
1	3.6985418273281794
1	6.825583092430505
0	0.0
0	0.0
1	0.9099074267582706
0	0.0
1	4.75430698571241
1	3.7599206167453625
0	0.0
0	0.0
1	4.70461352143757
1	2.444686012002053
0	0.0
1	3.5481339499250937
0	0.0
1	1.0650113222523852
1	1.5170869972742
1	2.8401609700661337
1	1.2333354131768282
0	0.0
1	5.650994584587164
0	0.0
1	5.699603622715963
1	1.3690225922857802
0	0.0
1	5.067665290637167
1	1.3231097545989448
0	0.0
1	2.9450091254177853
1	2.5520593079150484
0	0.0
1	1.1333487745331117
1	7.864941603157405
1	1.034182692940631
1	8.20701598937713
0	0.0
0	0.0
1	6.714070140325418
0	0.0
1	2.9455287612676098
1	2.81986836416819
1	3.3959384836359474
0	0.0
1	1.585027146937613
0	0.0
0	0.0
1	8.15078568810132
1	1.1424383247329357
1	1.2959350101856444
0	0.0
1	6.233629575103594
1	1.3065231444205558
0	0.0
1	8.250399684398243
1	3.95713272369402
0	0.0
1	1.5185164484049571
1	6.273361831662993
1	1.5183132637487589
0	0.0
1	1.0273721729669496
0	0.0
1	8.417565064248533
0	0.0
0	0.0
0	0.0
1	3.589762507880269
1	3.2786236718528805
0	0.0
1	1.5019060589752828
1	6.539327158541729
1	6.215982528703052
0	0.0
1	6.223843796253192
0	0.0
0	0.0
1	4.691961776929049
0	0.0
1	3.141738815287028
1	5.696480384220021
1	1.439333579565584
1	3.2844407377082874
1	6.285622281772032
0	0.0
1	1.569639813641524
0	0.0
1	0.9091232522262316
1	1.5561897853681663
1	1.3929680313395902
0	0.0
0	0.0
0	0.0
0	0.0
0	0.0
0	0.0
0	0.0
1	1.3374771568532964
1	2.4477820596127544
1	3.0610423078018916
