0	0.0
1	8.164049372603479
0	0.0
1	3.2359922278430155
1	1.0228275684083308
1	5.965755264182374
1	5.222624899105398
1	1.5466845948018673
0	0.0
1	3.5986701272767876
0	0.0
1	1.1940646168081004
1	3.4423363315181166
1	1.1551244188928176
1	8.059854947812555
0	0.0
1	6.80545718344104
1	1.3064334910322164
1	3.983779686067968
1	7.997532442629398
1	3.748190555136307
0	0.0
0	0.0
1	1.2692345202046917
0	0.0
0	0.0
0	0.0
1	0.9732588501751406
1	4.776202236355788
0	0.0
1	5.267803955312575
1	1.0462511985627478
0	0.0
0	0.0
1	1.1213090349414285
0	0.0
1	3.580397789138457
1	1.051032767867298
0	0.0
0	0.0
0	0.0
1	1.0107053849747145
1	1.0984216187355886
1	1.5886039673491696
1	1.126593744644568
1	3.4181634118872406
1	1.0357519461237654
0	0.0
1	3.7534586356829474
1	8.139195797929377
1	1.2950414709847613
1	3.7387208955546494
1	8.043787385519922
0	0.0
0	0.0
0	0.0
1	8.185937572923315
1	2.5778127808911666
0	0.0
1	3.805057898202821
1	1.2295685298612566
1	1.3814013424638105
1	2.969152515696486
1	6.354242198662704
0	0.0
0	0.0
0	0.0
0	0.0
1	6.27884461980224
1	1.5491694821703899
1	3.7849699351028927
1	1.565477198335031
1	7.314771219845245
0	0.0
1	1.4118491688064143
1	8.251421320434016
1	8.342102435595717
0	0.0
1	1.3484933432772808
1	6.084454473798619
0	0.0
0	0.0
0	0.0
1	1.1972152252300565
1	1.2957306539357818
0	0.0
1	6.698265518834357
1	1.278781256341075
1	3.648586880943853
1	2.467472097252249
1	1.5375333929156727
1	2.700796043926889
1	3.4307074740978285
0	0.0
1	3.7582547105728104
0	0.0
1	6.6892989050418405
1	1.1414024565952428
1	5.697309241188083
0	0.0
