1	2.7984004339693187
0	0.0
1	7.761939317949171
0	0.0
1	8.11044111733954
0	0.0
0	0.0
1	6.361544648468702
0	0.0
1	2.793710375615718
1	7.360772482879039
1	1.3473733202349871
1	3.311738785789951
1	5.371705134165823
0	0.0
1	2.370482946952275
1	3.4259401882302956
0	0.0
1	2.3183863842404038
1	1.221571018758068
1	6.880157564281561
1	3.473899808522732
1	6.499641803131768
1	3.6785123038882386
1	1.08919309941578
0	0.0
0	0.0
1	1.3048578777000115
0	0.0
0	0.0
0	0.0
0	0.0
0	0.0
1	0.9307944733369397
1	5.687235139794177
0	0.0
1	5.654035226844938
1	1.3613217786419693
0	0.0
1	3.08624409503575
0	0.0
1	7.887211074084759
0	0.0
1	5.479167690307336
1	1.077246831142078
0	0.0
1	1.2846565528831446
1	1.4859643152248352
1	5.389375987553263
1	3.028071810930606
0	0.0
1	6.934724386497905
1	3.3241715124039417
0	0.0
0	0.0
1	6.531894727474097
1	3.817535547657396
1	5.360807445509459
0	0.0
0	0.0
0	0.0
0	0.0
1	8.562768629512558
0	0.0
1	1.4627029135046263
0	0.0
1	0.9367648194101693
1	3.2571585930838594
1	5.528507597546891
0	0.0
1	2.254214399506062
1	3.4706691865284545
1	3.619795872055715
0	0.0
0	0.0
1	7.4586664849769555
1	7.28307196090255
1	3.7530810047840375
0	0.0
1	2.497509853345981
0	0.0
1	7.220936629351808
0	0.0
0	0.0
1	1.0562535632458214
0	0.0
0	0.0
1	1.241070303925023
0	0.0
1	3.8976602559529754
1	2.4668563267840553
1	7.742441656373819
0	0.0
1	3.6864860958818073
0	0.0
1	3.6059648512108744
1	1.359219767695424
0	0.0
0	0.0
1	2.4851817236583016
