0	0.0
0	0.0
0	0.0
0	0.0
1	1.4379782781426123
1	0.9396732448293224
0	0.0
1	2.565969347880188
1	2.2673032199414287
0	0.0
1	7.185275528202292
1	1.3529412614957352
1	0.9412923575714726
1	1.3475542460643593
1	4.5156072974316235
1	2.7838481421938224
1	1.4357135672510997
0	0.0
0	0.0
1	2.7312717818433754
1	7.7242238031198065
0	0.0
1	6.584831520467266
1	3.8772598728442724
1	4.554982739704338
0	0.0
1	1.0716689403747621
1	1.565096249764133
1	3.3033650549155267
1	1.458754481758862
1	3.098494256065655
0	0.0
1	6.255492884289358
0	0.0
1	1.595742704977873
0	0.0
1	1.2165563538076878
1	3.8079164419755296
1	0.9441978444826262
0	0.0
0	0.0
1	2.299257046133761
1	5.740317758758905
1	3.777954997649632
1	3.274268908845582
0	0.0
0	0.0
1	6.938448484945661
1	3.8473989806959206
1	3.380329439178288
1	3.690136498329395
0	0.0
1	2.650359385384145
0	0.0
0	0.0
0	0.0
0	0.0
1	0.9612372718994591
0	0.0
1	5.9507883469544485
1	0.9841816405033328
1	1.513782372873154
0	0.0
0	0.0
1	1.4746364358142472
0	0.0
1	1.5661346034624812
0	0.0
0	0.0
0	0.0
0	0.0
1	2.7806352335780677
0	0.0
0	0.0
0	0.0
1	1.0626842358627093
1	1.5874451201335376
0	0.0
1	1.4625187034034597
0	0.0
0	0.0
1	8.306387035699814
1	1.2467326905181042
0	0.0
1	1.0107357787745759
1	3.2485067423865073
1	1.4754519045525214
1	3.5808542144946225
0	0.0
1	1.3532776357542078
1	1.3330632430997729
0	0.0
1	4.837625722837025
1	1.0492171482945603
0	0.0
1	2.9819765739920077
1	5.179423695778555
0	0.0
0	0.0
0	0.0
