1	1.2696677593349612
0	0.0
1	4.658144196379898
1	1.3121491554355438
1	1.492199708456468
1	4.587958146648945
1	2.758456357587546
1	5.685176731989164
1	8.192547389286423
1	1.4207782521594723
0	0.0
0	0.0
1	0.9921859001345333
1	7.173344537624827
1	8.107495297075413
1	4.7571629660576145
1	1.1410749529053315
0	0.0
0	0.0
0	0.0
1	1.3758040919909424
0	0.0
1	0.9809288809944641
1	7.512296649248758
0	0.0
1	3.015379162607145
1	1.0774333631229998
0	0.0
1	1.2389731317345634
1	1.4393368664201152
0	0.0
1	1.2966882236844053
1	1.118900828523492
1	1.0883724534215697
0	0.0
1	7.841852648758044
1	3.441214762734136
0	0.0
0	0.0
0	0.0
1	4.71793400197632
1	7.156611486933603
0	0.0
0	0.0
0	0.0
0	0.0
1	7.906280433074392
0	0.0
1	8.121624979484587
1	1.2142819889714698
0	0.0
0	0.0
1	1.2965951116895842
1	2.568368526955255
1	3.513881857842702
1	2.852537846343103
0	0.0
1	2.6041112571050187
0	0.0
1	7.0886693438395225
1	3.9271186435034044
1	1.0479444828045197
1	1.214882283024037
0	0.0
1	3.7003138859744147
0	0.0
1	1.2984483591445826
0	0.0
1	8.330830628624852
1	3.3862430682212383
0	0.0
0	0.0
1	2.684219435166034
1	7.409743542471673
1	1.551395340317046
1	2.561784570954577
1	1.090355620896358
0	0.0
1	1.319896389402409
0	0.0
1	1.3501084952321984
0	0.0
1	1.2519818871155874
1	4.935344147925568
1	3.180976862823199
1	1.5316098705565926
1	1.0708598716565472
0	0.0
1	5.004571144906136
1	1.4584522307711816
0	0.0
0	0.0
1	8.116933967016971
1	4.95956230269104
0	0.0
1	3.517187544969126
1	1.2744393350650092
0	0.0
1	1.5308946273140465
1	3.9927476771452417
