0	0.0
0	0.0
0	0.0
0	0.0
0	0.0
1	1.1375924018772112
1	8.281536735592683
0	0.0
1	3.8964125229975815
0	0.0
1	1.113246703941778
0	0.0
1	1.3016616844701296
0	0.0
1	6.375070829339429
1	3.328853955005993
0	0.0
1	5.655884063325762
1	3.88398868644671
0	0.0
1	1.1628660410583975
0	0.0
1	5.223766864895628
0	0.0
0	0.0
1	1.4713038452238538
1	3.2690640290246424
0	0.0
1	0.9125233947636188
0	0.0
0	0.0
0	0.0
0	0.0
1	7.5210735016928885
1	1.3752969288194539
0	0.0
1	6.847613249653639
1	3.6043790781128737
1	3.9828263337372145
0	0.0
0	0.0
1	1.5504844285031987
0	0.0
1	7.575215909631301
1	1.0792713913212577
1	2.29668479186017
1	2.6961371457675147
0	0.0
1	4.5410545922702115
0	0.0
0	0.0
1	4.8498534878808535
0	0.0
1	6.434374833108942
0	0.0
1	3.5509079178301803
0	0.0
0	0.0
1	4.585931503297925
0	0.0
0	0.0
1	2.361504698297709
1	5.505812923521122
0	0.0
0	0.0
1	6.906764633013721
0	0.0
1	1.4904601712852252
0	0.0
1	1.241444750134944
0	0.0
0	0.0
0	0.0
1	1.0031977175375602
1	2.9555376768644908
1	3.1625130539787274
1	2.828845781325299
1	7.111827968402907
1	1.0481352701660107
1	7.336194987677391
0	0.0
0	0.0
0	0.0
1	1.3659572157693787
1	1.4412012435306578
0	0.0
1	3.3915086664854557
1	3.4082650357983493
0	0.0
1	2.6024497314548007
1	2.5201641944785402
0	0.0
0	0.0
1	7.261444319531222
1	2.438974843839415
1	5.352494606131395
0	0.0
0	0.0
1	1.3802588752833755
0	0.0
