1	3.9747061672593493
1	1.58608176541656
0	0.0
0	0.0
1	1.2778501806222216
1	6.534495583074324
0	0.0
1	3.36394279767198
0	0.0
1	2.8131889312583405
0	0.0
0	0.0
1	4.642684507807523
0	0.0
1	1.2200870857777786
1	6.587306571706502
1	3.739882053059942
0	0.0
1	3.802943912173543
1	1.1309160037121155
1	3.4778933198693287
0	0.0
1	3.9105181520843133
0	0.0
1	7.350094174818136
1	3.748511542865574
1	1.4952281127827365
1	5.6091080968118865
1	7.890909385798603
1	1.4622280419597713
0	0.0
1	3.6172769227519908
1	1.3071548156497554
1	2.255382668085055
1	3.4519083568615927
1	3.1809214162284576
1	2.4558621709492954
0	0.0
1	1.3939845399331516
1	3.2238356039685474
0	0.0
0	0.0
1	1.531486665166403
0	0.0
1	1.5776441284787088
1	6.310202582096268
0	0.0
1	1.5394487387089657
0	0.0
0	0.0
1	4.534810487511628
1	7.342850551780478
1	5.614518095098307
0	0.0
1	6.168991110304501
0	0.0
1	1.1678039117406451
0	0.0
1	3.483748114463973
0	0.0
0	0.0
1	3.3409206298217353
1	1.5105060195857365
0	0.0
1	3.1584765949541316
1	3.7186148507427665
1	1.004301589439644
1	1.4743378818518753
1	2.885010517180632
0	0.0
1	3.321316697142347
1	1.1097231574663629
1	4.787739798870571
1	1.0799283993530324
1	3.9755444652503504
1	8.137766548529934
1	3.946870357253096
1	1.0541346647564351
1	5.769724410057824
1	1.5860396253329094
1	1.4002791719299519
1	3.6427530190840143
1	2.381519358160984
1	3.7984907858253725
1	3.2518911560014767
1	6.2167556208730055
1	3.7147597566573722
1	3.104873421934946
1	6.658704172737804
0	0.0
0	0.0
1	7.5597668682114625
1	1.2166879556729433
1	2.8711940428608083
1	6.773790922205822
1	3.7974499634623298
0	0.0
1	1.1265283508964288
1	1.178286501496249
1	1.5426007755454068
