0	0.0
0	0.0
1	7.87197491703513
1	5.755966722881686
0	0.0
0	0.0
1	2.4007211851007506
0	0.0
1	6.8236477935291795
0	0.0
0	0.0
0	0.0
0	0.0
1	3.9773063159730815
1	1.3217165071329093
1	1.3591776022686752
1	1.265110913575748
0	0.0
0	0.0
0	0.0
0	0.0
1	0.9221706254845478
0	0.0
1	6.5878287458533835
1	0.913504782343148
0	0.0
1	4.703103095676823
0	0.0
1	8.149627501468471
1	1.3888974226168669
1	1.112424744464839
0	0.0
0	0.0
0	0.0
1	3.2814534054393487
0	0.0
1	2.968200154813508
1	6.087964162181918
1	1.174449952425606
1	3.102952263544027
1	3.9653295031184363
1	2.792946217242807
1	5.217041889400117
1	5.408740278824842
1	2.4672924384497774
1	6.683213279127722
1	3.863470610428498
0	0.0
0	0.0
0	0.0
1	0.9861107829500371
0	0.0
1	3.9925902514370346
1	1.5756299709148611
0	0.0
0	0.0
0	0.0
0	0.0
1	5.514626152133132
0	0.0
1	1.309689937235449
1	1.3812717783773394
0	0.0
0	0.0
1	1.035167488601867
0	0.0
0	0.0
0	0.0
1	1.5197797477639474
0	0.0
1	3.090109066562056
1	5.02788161356416
0	0.0
1	3.181826138778423
1	1.235433370357641
0	0.0
1	6.344475009040314
0	0.0
1	2.491544313709223
1	7.223071624891671
1	1.362420248267234
0	0.0
1	2.931728653976046
0	0.0
0	0.0
1	8.431951567366717
1	1.5359460489575163
1	5.724457357078115
0	0.0
0	0.0
1	8.139872581852462
1	4.805504978833914
0	0.0
0	0.0
0	0.0
1	2.456092746048812
1	5.100454736039364
1	1.0097087663547115
1	6.206912163853841
1	5.509634457651846
