0	0.0
1	1.5217461105048713
0	0.0
0	0.0
1	1.1430428670635475
1	3.9602135336966486
1	5.2662677630194175
1	1.3128441338849544
0	0.0
0	0.0
1	6.3002998048149745
0	0.0
1	1.5969233311156796
0	0.0
1	6.538421368489365
1	4.819085475766599
1	2.341754166470981
0	0.0
1	3.093072920729035
0	0.0
0	0.0
1	3.2356519838047997
1	6.524907023773755
0	0.0
1	1.5840656541742728
1	4.5766080232720086
1	8.46023281040969
1	1.2825136696535324
1	5.012958222873176
0	0.0
1	1.1774902810830332
1	1.088145844478879
1	1.2328545956892043
0	0.0
0	0.0
1	6.869905986937271
1	3.6277246850429403
1	1.3920997203049454
1	6.338133695625142
1	0.9669217988363483
0	0.0
0	0.0
0	0.0
0	0.0
0	0.0
1	2.9336000783998823
1	2.4324082682926784
0	0.0
0	0.0
1	4.7803420605124725
1	1.1094290182070932
1	1.4880242471048701
1	2.9316588370865366
1	1.5474320943198463
0	0.0
1	5.060248634055197
1	3.2399294444104845
0	0.0
1	2.9508737209376674
1	3.809475392259822
0	0.0
1	8.409816438339094
0	0.0
1	3.767543181852514
0	0.0
0	0.0
0	0.0
1	6.809798437717368
1	5.267089806310081
1	8.469471913579499
1	6.7657716673810535
1	2.3075186591609214
0	0.0
1	7.470549579721597
1	7.379202567321423
1	3.0072474080746563
0	0.0
0	0.0
0	0.0
0	0.0
0	0.0
0	0.0
1	7.257275786156941
1	1.3175510351588673
0	0.0
0	0.0
1	1.155408688710339
1	1.2978333922453817
1	1.1735045641518043
0	0.0
1	8.19423879932474
1	3.553233715117928
0	0.0
1	3.3588388412110044
0	0.0
0	0.0
1	1.1620993987846986
1	6.78372558995999
1	2.6350744202145795
0	0.0
