1	3.4127236440061615
0	0.0
1	4.7159747248563315
1	1.1457997086339131
1	0.9781052405060993
0	0.0
0	0.0
1	7.3696956470927075
1	3.1318113872549276
1	3.570242380620784
1	6.188479678318871
1	5.873993832436943
1	5.766479256470653
1	1.1055683152270093
1	0.9321380838435275
1	3.730130928129612
1	1.0296628632780642
0	0.0
0	0.0
0	0.0
0	0.0
1	3.9477813862411897
1	7.910506167477243
0	0.0
1	8.400772507633773
0	0.0
0	0.0
1	3.4043182494806565
1	2.7670320027436106
0	0.0
1	3.5707372896979703
0	0.0
1	3.0054967648631696
0	0.0
1	8.450361755255438
1	8.12618595201002
0	0.0
1	1.5551663338957016
1	3.804882314266987
0	0.0
1	0.9703710419311795
1	2.847064589016724
1	1.5855813067051487
1	8.222069165086603
0	0.0
1	1.5491895287223243
1	1.3901374110069113
0	0.0
0	0.0
0	0.0
1	1.401052869915838
0	0.0
0	0.0
0	0.0
0	0.0
0	0.0
0	0.0
0	0.0
1	3.031763804530973
1	5.6223960202282575
1	3.9916813091290497
0	0.0
0	0.0
1	1.1374846191342296
0	0.0
0	0.0
1	3.6841653152546834
1	4.718232007772212
1	5.982679942455803
1	3.256709594225049
1	5.644599996930256
0	0.0
1	7.178719575772331
1	3.039229143359068
1	6.392632414736688
0	0.0
0	0.0
0	0.0
1	1.4179064751199135
1	3.1291818243695286
1	6.009126669957583
1	0.927575422246877
1	6.757328652422165
0	0.0
1	7.60267831084039
1	3.7014027959965548
0	0.0
1	7.753265515281088
0	0.0
1	2.8864681664105696
1	1.4589547630968402
1	2.8482201840767183
1	5.855191390096498
0	0.0
1	8.329158631266171
1	1.094104143702406
1	5.174741709533587
0	0.0
1	3.495442737920031
0	0.0
