0	0.0
0	0.0
1	4.587835999721452
0	0.0
1	3.3089412998970746
1	3.070922756024174
1	2.3748125607227344
1	1.5366509081481459
1	1.4752472514494284
0	0.0
0	0.0
1	3.2360443797867955
1	1.403374807298254
0	0.0
0	0.0
0	0.0
1	1.484634067633415
0	0.0
0	0.0
0	0.0
0	0.0
1	4.572564618951429
1	3.510504348953311
0	0.0
1	1.4031530224223374
1	1.0818017669679443
1	1.1757479356705431
1	0.9500211542596588
1	1.510626080171881
0	0.0
1	6.799807454914706
1	3.6876810810479603
1	1.4429554759860541
1	2.4209950243086586
1	1.1801019661048204
1	5.3490099252812895
0	0.0
1	1.016724659692016
0	0.0
1	0.9140255576638375
1	8.426299382915156
0	0.0
1	8.528674535639686
0	0.0
0	0.0
1	1.3763087105216867
1	1.3384260516756186
1	0.9865134794502769
0	0.0
1	1.1328218466507656
1	2.8211111960504676
0	0.0
1	3.3285008131927345
0	0.0
0	0.0
0	0.0
1	6.476214457251853
1	1.343446126328184
0	0.0
0	0.0
1	1.5213800315528134
1	1.5840522954560514
0	0.0
0	0.0
0	0.0
1	3.1578422702489974
0	0.0
0	0.0
1	2.4818913490276304
1	1.3501173210871409
1	1.0387589303667562
1	0.9714242833275214
0	0.0
1	1.2711927055188559
0	0.0
0	0.0
1	2.509180619784694
1	1.155868338415718
1	1.5023206799681028
1	1.434218830040014
1	5.50671614317309
0	0.0
0	0.0
0	0.0
0	0.0
0	0.0
0	0.0
0	0.0
0	0.0
0	0.0
1	5.698700156798089
1	1.4775328258445892
1	6.479153530214943
1	2.8190437392839276
0	0.0
0	0.0
1	7.224819087358981
1	3.909671287593814
0	0.0
1	1.475229836221318
