1	6.3166337835291735
1	1.2362307373442647
0	0.0
1	2.8102515437815865
1	0.9442948417196487
1	7.813874427254848
1	5.271007829539197
1	8.181425121515234
0	0.0
0	0.0
0	0.0
1	3.935287933857952
0	0.0
0	0.0
0	0.0
0	0.0
1	6.826723641229799
0	0.0
0	0.0
1	2.347274036087745
0	0.0
1	1.4006293667321446
1	2.2704356715120118
0	0.0
1	5.077919745252259
0	0.0
0	0.0
1	0.9225696557908919
1	2.603655770286854
1	7.834905607791508
1	2.6370287306492375
0	0.0
0	0.0
1	2.324124960480256
0	0.0
1	6.187550947058185
0	0.0
1	5.12737146779496
1	1.450836816103667
1	6.777744338463141
0	0.0
1	1.0685334204585313
1	1.151075967624529
1	8.284167897290988
1	2.4802902813418006
0	0.0
1	3.8583208756165845
1	6.802804081951629
0	0.0
1	2.8188149842806554
1	5.09836520541848
1	1.0191652618531344
1	2.9536813093414973
0	0.0
1	7.801962743539637
0	0.0
1	1.2121526102232476
1	1.3642109630000094
1	3.4979348196402382
1	3.2744969914877187
1	3.6334594839318877
1	3.6290322190675206
0	0.0
0	0.0
1	7.356688633231272
1	3.6397261742024396
1	2.5283240721841955
1	2.2957041482607052
0	0.0
1	1.2808649558500829
1	7.815847224950272
0	0.0
0	0.0
0	0.0
1	1.043199359296201
0	0.0
1	1.4680251188862221
1	3.412991393920276
0	0.0
1	3.096768456028311
0	0.0
0	0.0
1	3.1104795137273165
1	0.9358305028417714
1	2.511398993543175
1	3.744082482731857
0	0.0
0	0.0
1	6.882919940494984
1	6.543556953446103
0	0.0
1	2.3865089432252975
1	8.568406326602608
1	1.2588784714429528
1	3.5675515722293536
1	2.5262541209252847
1	7.233722446406725
0	0.0
1	6.189137417037228
1	7.679477538079279
