1	6.0156235791745605
0	0.0
1	4.955078244972362
1	1.403752849806775
0	0.0
0	0.0
0	0.0
0	0.0
0	0.0
1	3.3840611045276137
0	0.0
1	3.6147448497891865
0	0.0
0	0.0
1	3.1588127592417314
1	7.962651570551233
1	1.0067040266708138
1	0.9964552957595584
1	2.3116050731526583
1	2.4009663897529303
0	0.0
1	8.29166206125705
1	3.350928345587729
1	1.2204527182393332
0	0.0
0	0.0
0	0.0
1	2.9193628993336866
1	4.746485524737263
1	6.19176984950609
1	3.144313302760103
0	0.0
1	1.1824718716763205
0	0.0
1	3.712620581912424
1	7.489066402671651
1	1.2792150985402242
1	5.587824794819933
0	0.0
1	1.3506734030560197
0	0.0
1	1.3530104555786266
1	2.8608376997063205
0	0.0
1	3.212137852323819
1	6.740941913161517
1	1.3217192464473868
1	1.2794665590539451
1	4.546911264963743
0	0.0
0	0.0
1	2.641746659430082
0	0.0
0	0.0
0	0.0
1	6.684763635558389
1	0.9440152080748502
0	0.0
1	1.4738985837841332
1	1.5199495637925584
0	0.0
1	5.370410284384682
1	1.1497003142410787
0	0.0
1	3.7715292833886833
0	0.0
0	0.0
1	3.923555252808058
0	0.0
1	1.0283429995771391
1	1.0352966003866784
1	8.420708614871854
1	7.03056439337562
1	4.561677509147293
1	4.5148212907312395
1	6.2407939457323405
1	3.194748637744487
1	3.7444464942477986
0	0.0
0	0.0
1	2.487829326334832
0	0.0
0	0.0
0	0.0
0	0.0
1	2.2972136246498067
1	8.483247913896482
1	2.9293893504508484
0	0.0
0	0.0
0	0.0
0	0.0
1	1.0779819222272997
0	0.0
1	3.4681495701545724
0	0.0
0	0.0
1	6.531730189141573
1	6.518812540944799
1	1.4980953706798017
