0	0.0
1	3.07643982996985
0	0.0
0	0.0
0	0.0
0	0.0
1	3.7394985915038763
1	0.9388361003168967
0	0.0
1	5.2131310790685195
0	0.0
1	1.1991128074487074
1	2.9726222223100214
0	0.0
1	3.787882369515972
0	0.0
0	0.0
0	0.0
1	1.350389661085189
0	0.0
1	8.001914770403369
1	2.265901923284372
1	1.2191580749564381
0	0.0
1	1.0740629186609367
1	3.1117675342200446
0	0.0
1	6.162852043726763
1	1.0291174091068211
1	2.8579615833764898
0	0.0
1	1.2090726983909101
1	6.739440302950632
0	0.0
0	0.0
0	0.0
1	7.389296633569299
1	1.1593391549437826
1	4.525507784247594
1	3.7101546132009484
1	2.413802439031358
0	0.0
0	0.0
1	1.0538362886800123
1	1.1267214988787164
1	6.6417275823809305
1	3.2655746220670507
1	6.021024203964927
0	0.0
1	8.20524864767173
1	6.987411693850557
1	1.150128015823726
1	3.568730697894084
1	2.887816325781045
0	0.0
0	0.0
0	0.0
0	0.0
1	2.572590778653186
1	1.3369468610830744
1	7.202445704724906
1	3.1602609685538927
1	8.37648557253226
0	0.0
0	0.0
1	2.651686404857698
0	0.0
1	2.925619783795021
1	3.181686653146773
1	0.9588828194837373
1	3.1678393670232388
1	5.331096892462542
1	1.1446835077182076
0	0.0
1	0.9778700499384487
1	2.639805462479547
0	0.0
1	1.5001907068677354
1	3.9149547245920204
0	0.0
1	2.9719214677549455
1	5.472890734061657
0	0.0
1	2.6779945314074296
0	0.0
1	2.5018143284615566
0	0.0
0	0.0
1	3.841631034240215
1	2.757355283608236
0	0.0
0	0.0
1	4.679084338375293
1	2.5362197844094636
1	3.602431723685576
1	4.78188289818868
0	0.0
1	2.562866156635926
1	3.778760809039059
0	0.0
