1	2.940758446518983
1	5.154710703343766
1	2.7956742212057466
0	0.0
0	0.0
0	0.0
0	0.0
1	5.315762019339628
0	0.0
0	0.0
1	1.138347566471676
1	7.5763163286316
0	0.0
1	1.158152523621698
0	0.0
1	2.7368389059937868
1	6.985638914093721
1	8.510161091150035
0	0.0
0	0.0
0	0.0
1	1.1796477007585289
1	1.4101316810989526
1	6.017196731555146
1	3.685207083481696
0	0.0
0	0.0
1	3.3907546382993794
1	4.7176519399739005
1	4.8406029458520985
0	0.0
1	8.1242548194276
1	6.7538874634778585
1	2.545304621839853
0	0.0
1	3.195842666176818
0	0.0
0	0.0
1	0.9665937768235859
0	0.0
0	0.0
1	5.315180938580381
0	0.0
0	0.0
1	1.3634262992009
0	0.0
1	6.637194425397206
0	0.0
1	2.5352365527080263
0	0.0
1	6.3881053047353324
1	3.3807256861778745
1	3.9803195577516193
0	0.0
0	0.0
1	1.521786768905105
1	0.9773838861870954
1	3.790306620905205
1	3.9915065131418577
0	0.0
1	0.9801637058762916
1	7.835924711905933
1	2.6344677848224607
0	0.0
0	0.0
1	3.057018913421627
1	3.037914280109717
0	0.0
0	0.0
0	0.0
0	0.0
1	1.0054767538977014
1	8.587877419357401
1	1.301664322089373
0	0.0
0	0.0
1	1.597276297032288
0	0.0
1	6.230683186311533
1	2.337289707256099
1	1.4587409386978512
1	5.462551657286528
1	0.9929452043707053
1	2.8293488006569274
0	0.0
1	4.789916877983082
1	3.8334821027529173
1	4.7770879162957725
0	0.0
0	0.0
1	2.6459298429574827
0	0.0
1	5.4455680800965425
1	7.181896479072345
1	6.854448747556292
1	5.840883719965603
1	3.993418191322172
1	1.2733297007558408
0	0.0
1	1.071204741986846
