1	7.525691079783626
1	6.29876511416666
1	7.081313269632453
1	8.040850648235038
1	0.956616980905074
1	2.4322516480340397
1	1.349797469398614
1	1.4603353180291476
1	2.5801887301332163
1	4.762505913641195
1	1.134129622016789
1	2.470223199180768
0	0.0
0	0.0
1	7.179638270735365
1	1.0477292320895186
0	0.0
1	1.171473619448982
1	8.474392571890563
1	1.234884185908363
0	0.0
1	5.2340517141106115
1	5.620660352551088
0	0.0
1	3.445112623383301
0	0.0
0	0.0
1	3.892486667786702
0	0.0
1	1.461107079447221
1	2.749351427466771
0	0.0
1	7.613299455389795
0	0.0
1	7.965403614178335
1	2.5038538199702574
0	0.0
0	0.0
1	3.2261201654130014
1	3.042950798586047
1	1.3605509810687253
1	6.277995113053155
0	0.0
0	0.0
1	1.4580416367482072
1	3.2393428951967786
0	0.0
1	5.050425435292746
1	1.3677880286100748
1	3.418085077745023
0	0.0
0	0.0
1	7.642626629177374
1	1.3498742149176026
0	0.0
1	1.1411966661197388
1	7.223263664199688
1	2.5522908398674877
0	0.0
0	0.0
0	0.0
0	0.0
1	3.709752618571853
0	0.0
1	0.9217747357853032
1	2.2688104973189
0	0.0
1	1.0291221637625627
0	0.0
1	2.868973509162531
1	3.22644630411232
1	8.336392884655679
0	0.0
1	3.0274120211579785
1	2.256162332277895
0	0.0
0	0.0
0	0.0
1	3.078932851856052
0	0.0
0	0.0
1	2.7240032405147243
1	3.066654133792828
1	3.2854305314427634
0	0.0
0	0.0
1	1.049012157014459
1	7.813689447890135
0	0.0
1	1.5924454952893319
0	0.0
1	3.9865052639142453
0	0.0
1	0.9366001927440699
0	0.0
0	0.0
1	4.550449796279328
0	0.0
1	3.514830076704329
0	0.0
