1	2.5839108448612373
1	3.463236018878278
0	0.0
0	0.0
1	1.193693600794564
1	6.3390105350038874
0	0.0
1	8.59371231868171
1	2.9974047443503737
1	2.800533053600199
1	1.2525529655802181
1	3.059404671321882
0	0.0
1	1.152700403708626
1	3.9954027225990583
0	0.0
0	0.0
0	0.0
0	0.0
0	0.0
0	0.0
1	1.488480632877501
0	0.0
1	3.6706820854169004
1	2.925448225479033
0	0.0
1	1.540734412149381
1	1.5629219791883648
1	7.3410572242120935
0	0.0
0	0.0
1	2.7056501022316843
0	0.0
0	0.0
0	0.0
0	0.0
1	6.812236161394268
0	0.0
1	5.031640104584875
1	6.032354848285871
1	1.392432353147333
1	3.631688289342971
1	3.814184527436136
0	0.0
1	1.4649029066791748
1	7.760750173960356
0	0.0
0	0.0
1	1.5409122136751754
1	1.2181151633745544
1	3.1329418025532134
1	1.4608400653738554
0	0.0
1	5.43563822318533
0	0.0
0	0.0
1	1.2394822542342268
0	0.0
0	0.0
1	1.3914303349946682
1	5.719619116077647
1	6.096572400400381
1	0.9070699018034668
1	3.8590610235338048
1	7.467538631745043
1	7.758014850441517
0	0.0
0	0.0
0	0.0
1	1.2395240309591924
1	2.9585015269614874
1	6.508484660610615
0	0.0
0	0.0
1	7.568549302041484
0	0.0
1	7.190441403865491
0	0.0
1	3.7369718551023334
0	0.0
0	0.0
1	3.2322522931029263
1	0.9942160043181758
1	3.579233684558721
0	0.0
1	2.573373286135911
0	0.0
0	0.0
1	3.5253216035187975
1	7.1557220533625
0	0.0
0	0.0
1	3.7272029752796567
0	0.0
0	0.0
1	3.2011257250736356
1	2.9672928315446248
0	0.0
1	5.398927472291237
0	0.0
