1	6.629278524332965
1	7.939668598993342
0	0.0
1	3.4774708927062963
0	0.0
0	0.0
1	2.826100975252954
1	1.3014616520433426
1	6.0224947981392996
1	3.3794543843599083
1	2.6770565705300933
1	1.0824958842362862
1	2.8826033755914935
0	0.0
1	1.1084338175092099
1	2.8883318240865004
0	0.0
1	1.4551694994169622
1	0.9266180234430992
0	0.0
1	1.0510520770480758
1	1.2219966877274033
0	0.0
0	0.0
1	2.342904024076423
1	7.918018704226672
0	0.0
0	0.0
1	1.303174162334074
1	5.756464032829827
1	1.517705407444887
1	3.37906471608029
0	0.0
0	0.0
0	0.0
1	0.9163682621815603
0	0.0
1	1.231131050012796
1	1.2144903231191915
0	0.0
0	0.0
1	1.1378700560162092
0	0.0
1	1.002492130499613
0	0.0
0	0.0
1	2.9701099253929515
1	3.8136036591042237
1	3.8959795212056076
1	0.9624689130478447
1	7.114389592689906
1	1.5886339567894106
0	0.0
0	0.0
1	6.613988051221379
1	5.418215242204326
0	0.0
0	0.0
1	5.170767309689502
1	8.461365851946752
0	0.0
0	0.0
0	0.0
1	8.136889781299404
0	0.0
1	4.846286426275245
1	6.052438519786495
1	2.5096214676892354
0	0.0
1	2.9323130721468327
0	0.0
1	3.269598806430949
1	5.161055114322289
1	3.108677372211265
0	0.0
0	0.0
0	0.0
0	0.0
1	2.5793744018980793
0	0.0
1	1.5197737646943477
1	1.054013505861764
1	2.919307292788627
0	0.0
1	3.766618471617716
0	0.0
1	2.2844294741622377
0	0.0
0	0.0
1	7.7240255985063495
0	0.0
1	3.9255013337377824
0	0.0
1	1.1232246756509001
1	5.769184842419343
1	5.370794715084004
1	1.4530537817285056
1	1.403732461365149
1	2.727436301411407
1	1.5205344513400179
