1	8.13244683459544
0	0.0
1	2.6723888543462926
1	3.6526666075470855
1	3.4141546018828315
0	0.0
0	0.0
0	0.0
0	0.0
1	3.9288816501012103
0	0.0
0	0.0
0	0.0
0	0.0
1	1.1879025861954267
1	3.455732857294347
1	2.6416125758864135
0	0.0
0	0.0
0	0.0
0	0.0
0	0.0
0	0.0
1	0.9987447032579356
0	0.0
1	6.668637156071653
1	1.3546321517025621
0	0.0
1	3.7125194806942172
1	8.218254875598612
1	0.9335311280805161
0	0.0
0	0.0
0	0.0
0	0.0
1	3.7400515849315643
0	0.0
0	0.0
0	0.0
0	0.0
1	2.9049720572582514
0	0.0
1	3.358533817581714
1	2.4368807885152117
1	2.7990083330910527
0	0.0
0	0.0
1	2.6270311043702526
1	1.4883282811489864
0	0.0
1	2.6149069443054556
1	5.713343622035786
0	0.0
0	0.0
1	2.8642889819153625
0	0.0
0	0.0
1	2.51353989640276
1	0.974549756238897
1	3.4658753090222283
1	2.832594446585188
1	5.835864002155751
0	0.0
1	1.242062138026398
0	0.0
0	0.0
1	3.2605885351528316
1	3.737859192721376
1	7.3877711634628245
1	1.2991500736925876
1	1.4378856557377038
1	1.3533208647839672
1	1.3193248558919617
1	6.180575924128059
0	0.0
0	0.0
0	0.0
1	4.9856188507237515
0	0.0
0	0.0
1	3.895643697982555
1	2.508122973741338
0	0.0
0	0.0
0	0.0
1	2.8721512726640395
0	0.0
0	0.0
0	0.0
1	1.1512567822348276
0	0.0
1	1.2376042982272102
1	6.381492183983991
1	7.67318172613818
1	5.113745951338278
0	0.0
1	7.540852355644178
0	0.0
0	0.0
0	0.0
