1	5.000596007226308
1	5.401555300742024
1	3.1238085868669634
0	0.0
1	2.416478793693376
1	4.8101254457391684
1	7.72357693858037
0	0.0
0	0.0
1	8.08512560650598
1	2.877462315540617
1	2.363460415725372
0	0.0
0	0.0
1	2.5390460015309158
1	7.024619576727197
0	0.0
1	1.1593413142725844
1	2.963126531526283
1	4.784395581936707
1	6.563456973109165
1	3.322021697910329
1	8.125338223954921
1	2.3212615921501056
0	0.0
1	0.9141322512992895
0	0.0
1	2.261903011477787
1	1.1030555838648413
0	0.0
0	0.0
1	0.9993340581317454
1	1.5232516711558524
1	8.16095690003024
1	1.4631482391941661
0	0.0
0	0.0
1	3.616504915010526
0	0.0
0	0.0
1	5.223525106809896
0	0.0
1	5.541112451487712
1	3.829701282595041
1	5.64032099309555
0	0.0
1	1.156687374073969
1	6.596258160392812
1	1.2021683132319922
0	0.0
1	2.4780408047758495
1	3.1522083446592273
1	1.5243358572819505
1	3.2888518789293575
0	0.0
0	0.0
1	1.236739495355296
1	1.5217937661828875
0	0.0
1	8.238780329857391
0	0.0
1	1.5804710890743316
1	1.0617742535110162
1	6.708789509559818
0	0.0
1	1.271225656388879
1	1.1769223322488735
1	3.4130687146368115
1	2.758462885432731
0	0.0
0	0.0
1	7.37216093523553
1	1.3283843867886587
1	6.584758907618059
0	0.0
1	3.5062875982439405
0	0.0
0	0.0
1	4.879631536063614
0	0.0
0	0.0
1	5.897695290547993
1	3.3345916509085964
1	4.564782567255106
0	0.0
1	6.0672527425328235
1	6.1413130484619005
1	3.3274979828968076
1	1.102820092408435
1	2.604959592894249
0	0.0
0	0.0
0	0.0
1	3.2122001291634565
1	2.4466468201640246
1	3.256249069989349
1	3.492240430795103
0	0.0
1	1.236621789417371
0	0.0
