0	0.0
1	3.3110323507600796
1	0.9971613367133753
0	0.0
1	4.48432889537889
1	1.012312333675511
1	1.4675376048481512
1	7.281416609579965
1	2.8505932330491257
1	3.402711071936861
1	0.9660587215549921
1	8.375005893454693
1	3.47573920259005
1	5.833192899205785
1	6.610698682322309
1	4.898424413474741
1	3.647634330399683
0	0.0
1	8.306259350675361
1	4.582134425488033
0	0.0
0	0.0
0	0.0
1	5.355936838819875
0	0.0
0	0.0
0	0.0
1	4.6500805906045874
0	0.0
1	0.9650903204568434
0	0.0
1	2.3076640653963434
1	2.389031719533715
1	1.0317202868370816
1	1.5241711558779256
0	0.0
1	3.609229717632236
1	1.254941774035823
1	1.518024473335955
0	0.0
0	0.0
1	4.919379797020986
0	0.0
0	0.0
1	7.54221187138917
0	0.0
0	0.0
1	1.322741664341148
1	5.852861684802699
0	0.0
1	4.909590185657419
1	1.0897252807447773
1	2.6759247400988375
1	1.137691697910785
1	7.499368508777613
0	0.0
0	0.0
1	1.4305918241604298
1	1.0034904272523977
1	6.038284783162539
0	0.0
1	1.2188186882591454
1	1.439062748208261
1	1.343831476688504
0	0.0
0	0.0
1	0.9115105334776956
1	1.3218675828283688
0	0.0
0	0.0
1	0.9550702793664714
1	6.566150507420072
1	1.377815267947382
1	3.971889140972735
0	0.0
0	0.0
1	2.9390455682695795
1	1.533313129809451
1	3.060409676209543
1	5.7452502455292755
0	0.0
0	0.0
0	0.0
1	6.04120441651066
0	0.0
0	0.0
1	1.3607473284153584
1	6.7164864917771725
1	5.161286419574675
0	0.0
1	1.248398194043265
0	0.0
1	6.5047678279690695
1	2.7744226805888363
0	0.0
1	1.2029322852794044
1	3.3032506729369095
0	0.0
0	0.0
0	0.0
