1	3.0458706786254
1	1.5572453957791974
1	1.3053790675498451
0	0.0
1	2.7428753487984263
1	1.1687702566580151
0	0.0
1	1.3617545867781518
0	0.0
1	1.5981268646699167
0	0.0
0	0.0
0	0.0
0	0.0
0	0.0
1	1.1255722094008693
1	1.3769287718678473
1	3.180407719704325
1	7.4854870008354
1	7.4838515883934305
0	0.0
0	0.0
1	0.9987210076227316
1	3.8232497719700116
1	2.900457466031983
0	0.0
1	7.485457585527278
1	2.9395461867184376
1	1.5167257767715907
1	1.022389630473988
0	0.0
1	4.999674284924185
1	5.108347898872259
1	1.1530642017818644
0	0.0
0	0.0
1	3.1542112531288087
0	0.0
0	0.0
1	3.2746545852862092
1	1.1016356478567233
1	2.7294079231103017
0	0.0
1	1.4154221540162815
1	1.5646640932845526
0	0.0
0	0.0
1	7.60613472017207
1	1.3009735073333997
0	0.0
1	2.7259659208687177
1	2.373343382045924
0	0.0
1	2.9772179449775877
1	1.411986740343326
1	1.4056614428751102
1	0.9379574338018536
1	1.5433528568372292
0	0.0
0	0.0
1	1.1842981221136932
0	0.0
0	0.0
1	5.075330561309219
1	8.567640511782578
0	0.0
1	1.4871362294709303
1	3.270809502544157
1	7.019710617008653
0	0.0
1	1.1079267376309607
0	0.0
0	0.0
0	0.0
1	3.3882028255136873
1	1.352678733473557
0	0.0
1	2.665450808226397
1	3.663923293136202
1	3.6185834193379915
0	0.0
0	0.0
1	6.099199217814188
0	0.0
1	3.3774551185248054
0	0.0
0	0.0
1	3.827552798171761
0	0.0
1	2.7851897997670023
0	0.0
1	5.696750342637942
0	0.0
0	0.0
1	1.1534885359608982
0	0.0
1	2.4622650037677416
0	0.0
0	0.0
1	4.558957419483495
