1	1.3975656355800612
1	8.558482792760932
1	7.127334586984006
1	3.8036125439834945
0	0.0
1	2.7697308941206
0	0.0
1	3.0427803798652033
0	0.0
1	3.479806696453406
0	0.0
1	3.2565619210092867
1	7.776701635345888
0	0.0
1	1.3784266023896774
1	7.73652930449806
1	6.809847445594675
0	0.0
0	0.0
0	0.0
1	3.795983066010799
1	3.8022026840829257
1	0.949947742407293
0	0.0
1	1.1251781109905319
1	2.877559327240249
0	0.0
1	1.033836156584126
1	6.023591360577031
0	0.0
1	3.3438217765449116
0	0.0
1	1.1819824827332606
1	1.133776918732158
0	0.0
0	0.0
1	1.2918021100651025
1	7.807098313104754
0	0.0
1	1.0577232915003951
1	1.5352809866632096
0	0.0
1	3.76910136860806
1	3.0034728060362843
1	2.521952377989067
0	0.0
1	3.12786808484239
0	0.0
0	0.0
1	1.1540115154854294
1	1.28581957428458
1	3.4774824632599937
1	3.9619434944772634
1	1.3526605040378907
0	0.0
1	3.9914780818710036
1	2.708119505194526
1	1.506733668617839
1	1.5300614908852084
0	0.0
1	6.9334585739682435
0	0.0
0	0.0
1	6.7596767593586184
1	3.0037287167778457
0	0.0
0	0.0
1	2.560450558029823
1	1.2629034829283325
1	8.145163168109715
1	3.578656832078697
0	0.0
1	6.619233363992919
1	1.1996366250711032
1	3.544119155011187
0	0.0
0	0.0
0	0.0
0	0.0
1	6.126208112661223
1	4.5214037379095915
0	0.0
1	3.77763739044796
1	5.672435827678889
0	0.0
0	0.0
0	0.0
1	5.240682053273884
0	0.0
1	2.3533363261312488
1	5.576691819291706
1	1.314773499254069
1	3.5976343561692214
0	0.0
1	6.2586185960261
1	1.0320726784177494
1	1.2549798109589134
0	0.0
1	3.120593983917428
1	0.9695280806127905
