1	1.567187330087234
1	4.772692120855058
0	0.0
0	0.0
0	0.0
0	0.0
0	0.0
1	1.004467129102955
0	0.0
0	0.0
1	1.1416651763855765
1	1.1786773873057181
1	0.917966976473982
0	0.0
1	1.074281252840001
1	6.263897522169881
1	1.1343281976189936
1	1.2998722469003567
1	1.2974805299610597
0	0.0
1	1.3040270642808753
0	0.0
1	1.3761145481697956
1	2.29665531297578
0	0.0
0	0.0
1	3.7693587771032386
1	5.08748807034552
1	5.431984632782865
1	1.0809386553039135
1	6.881474628978997
0	0.0
1	2.470331244603385
1	2.5523755878953756
1	1.020788894383462
1	3.67077748784539
1	0.9808978037380616
1	3.1573180796815805
1	3.1543563484175556
1	2.515391942825166
1	6.377931111642182
1	6.17287709684036
0	0.0
0	0.0
0	0.0
1	6.530059390405232
1	7.601238538383339
1	6.562595267539938
1	4.800208224385291
0	0.0
1	0.9094385741184786
1	5.913715300433304
1	1.1780957073550757
1	1.486219944113203
1	6.878780986926756
1	2.263720970574439
1	6.912459272360744
1	1.236476752643179
0	0.0
1	3.428360501097311
0	0.0
1	5.29613264205956
1	3.017549652612659
0	0.0
1	4.617869327527357
0	0.0
0	0.0
0	0.0
1	8.318486363453802
1	1.4791389613063557
1	1.4985736055927452
1	3.6660158124489506
0	0.0
1	2.5082956517095547
1	1.293907029818182
1	5.361054112559721
0	0.0
1	1.206613174782271
1	1.2757207616801685
1	1.4340306000715266
1	2.7596625095651164
0	0.0
0	0.0
1	1.1813585069276962
0	0.0
1	0.9380498121382008
1	7.532944691020129
0	0.0
0	0.0
0	0.0
0	0.0
1	2.794279147145175
0	0.0
0	0.0
0	0.0
1	1.141946826663007
1	1.3556723083121307
1	1.3980467179595557
1	2.9224311351248944
1	5.960929297998168
