1	1.2264169561416831
0	0.0
1	0.9398104920714324
0	0.0
0	0.0
0	0.0
0	0.0
0	0.0
1	4.81277430587553
0	0.0
1	2.750423104368342
1	1.1717672773508108
1	2.9081880944696747
1	3.1897827249203066
1	3.7904063546092384
1	3.4258209991951616
1	5.351972343482705
1	0.9109018035633375
1	1.2652973374045957
1	3.2657483244499024
1	7.322079627169825
1	1.0588118910382276
1	3.8311739097681574
0	0.0
1	1.521731095122862
1	2.6153835299137183
0	0.0
1	5.540411483483058
0	0.0
0	0.0
1	7.1024588810855365
1	1.2073969654551568
1	7.450738734289931
1	6.12952565399517
0	0.0
1	1.0138345274698268
1	3.358825566962566
1	3.491299308762236
1	7.490566513161646
0	0.0
1	2.6586410394129096
1	7.91588159426313
1	7.922695328416322
1	2.6046893004619687
1	1.3589308181215078
1	3.635432920029051
1	1.1940216965767263
0	0.0
1	3.6213392017465673
1	6.103900390674386
1	3.423143264402024
1	1.2334015754503787
0	0.0
1	2.516751120452693
1	5.424760846656346
1	6.98609019636681
1	1.035515286302115
0	0.0
0	0.0
0	0.0
1	7.847284734979903
1	3.584088509648249
1	6.400275722530208
1	6.757673853732211
0	0.0
0	0.0
1	3.082836357164165
1	5.176321102253756
1	3.504536285927305
1	2.535924418035023
1	3.405056583406606
1	1.4761709513582395
1	2.600246475239904
1	3.9647919137611116
1	1.001900804513895
0	0.0
1	1.5531096315657402
1	1.0182498620510478
1	5.841411241738158
0	0.0
0	0.0
1	7.626570031489423
1	2.400465662228537
0	0.0
1	3.390738500411143
0	0.0
0	0.0
0	0.0
1	6.952198044384918
1	5.032009852641517
0	0.0
1	6.681958086815263
1	7.191119053567153
0	0.0
1	7.600662774466529
1	0.9876666620799549
0	0.0
1	3.5840066439820797
1	1.1055319609564886
1	6.528414150414444
