1	5.077819373617939
1	1.0630097256641453
1	3.9516091882438755
1	3.6247258013492227
1	4.608129200219315
0	0.0
1	1.0704338625731515
1	0.9895148669041361
1	1.4211629645839756
0	0.0
1	7.992971249811415
0	0.0
1	3.43416949332812
1	8.342242328098099
1	8.284713555200769
0	0.0
1	3.586629974096036
0	0.0
0	0.0
0	0.0
1	1.3610174553314098
1	7.933458642465765
0	0.0
1	1.5238092009097373
0	0.0
1	1.5037156384968058
1	3.727607525450863
0	0.0
0	0.0
1	2.797602357581933
1	0.9092866338521091
1	1.2672097277406835
0	0.0
0	0.0
1	2.271642657022031
1	7.037313510625747
1	2.8758276342750153
0	0.0
0	0.0
1	7.626431300092311
0	0.0
1	1.445048601190464
0	0.0
1	1.2743493349443482
0	0.0
1	5.8601834385850236
1	3.0964754771056984
1	1.0367378265341638
1	3.607372732285875
0	0.0
1	5.4751352890704865
1	8.38667587487879
0	0.0
1	3.982544732044123
0	0.0
1	1.0102354943978515
1	1.526144126064902
1	3.090852857520753
1	7.876979023895273
1	2.6562969239472163
0	0.0
1	8.043099344551392
1	3.647695977613004
1	5.838699316366336
0	0.0
0	0.0
1	7.9882522919353045
1	5.490376675422716
1	1.2240961767935667
0	0.0
1	1.1420608523634088
0	0.0
1	5.5366618416813695
1	2.907716062765008
1	2.825847191077331
1	1.5427283804651246
1	1.529153873996942
0	0.0
0	0.0
0	0.0
1	2.3063819882992904
0	0.0
1	1.4181107306430678
1	2.804634087376641
1	1.1622544683586968
1	5.236205397962034
0	0.0
1	2.450953791399964
1	1.0938969120601576
1	6.495042158201278
0	0.0
1	0.9443017891183404
0	0.0
1	1.0705420895467426
1	6.18444736365988
0	0.0
1	3.920283995292929
1	1.43339673819785
0	0.0
1	2.5403550129592007
