1	1.3460654062083193
0	0.0
1	5.826760539553539
0	0.0
1	7.232325859947043
1	2.3252580664440767
0	0.0
1	2.4578081094296262
1	8.265917553290956
1	2.7233248122565157
1	1.3828785903545437
0	0.0
1	7.27363501097443
1	2.701380952123588
1	0.9983963455882161
0	0.0
1	1.4399209712371146
0	0.0
1	1.1024075119385564
0	0.0
1	5.307084334135618
1	3.0507728982559787
0	0.0
1	6.176574833292437
0	0.0
0	0.0
1	1.3217130002615467
1	1.2693702354000305
1	8.360594443407816
1	1.0141417113220395
0	0.0
0	0.0
1	1.1423403636510845
0	0.0
1	8.167376691463483
1	7.245028341966072
1	5.1414521442507795
0	0.0
1	0.980530535113187
0	0.0
0	0.0
0	0.0
1	5.121958208409235
0	0.0
0	0.0
1	3.707952997596061
0	0.0
1	6.068100623542138
0	0.0
1	0.9453503999916946
1	3.958342270851124
0	0.0
1	4.638600112719255
0	0.0
1	7.7093318671264806
1	1.0767283601062538
1	3.750399675382217
1	1.2021671272718586
0	0.0
0	0.0
1	5.195955491429804
0	0.0
1	2.6336514297359606
0	0.0
1	7.480819553898659
1	6.658985735474577
0	0.0
1	6.618953581874084
1	1.0048726086627653
0	0.0
1	2.449511323612338
1	3.724605778931344
0	0.0
1	1.398137081277481
1	6.46244733597516
1	2.920772959477402
1	8.063964944935307
1	1.2821631024530782
0	0.0
1	1.1393113628741978
0	0.0
1	7.610549711847777
0	0.0
0	0.0
1	2.925762693503081
0	0.0
1	3.8376755471135966
1	4.660863772348407
1	6.3809264467450735
0	0.0
1	1.0653988942500154
1	1.3851230304803441
0	0.0
0	0.0
1	1.1895931637297643
1	1.21028293575954
0	0.0
0	0.0
1	7.32749611109976
0	0.0
