0	0.0
1	2.430677687246707
1	4.944676607037298
1	2.726938364267124
1	2.449308232291713
1	3.929245125193438
0	0.0
0	0.0
1	3.949827912307916
0	0.0
0	0.0
0	0.0
1	1.1654747129956806
1	7.195327507029617
1	4.728641353060557
0	0.0
0	0.0
0	0.0
1	1.4686700379374114
1	1.4148735747343557
0	0.0
1	5.055431472839113
1	3.0041777884893452
0	0.0
1	2.4382245991092177
0	0.0
1	3.9017460761342426
1	3.442164625461758
0	0.0
0	0.0
1	3.4915151843053875
1	2.3728764528785153
0	0.0
1	5.35523851624976
1	4.634417578743416
0	0.0
0	0.0
1	7.556169738115896
1	4.614011288323946
1	2.6473353850134496
1	4.548660023212989
1	1.5211898525870953
0	0.0
1	2.9694644745762253
0	0.0
1	3.1561932691564127
0	0.0
1	6.658102370049319
1	6.549534413794762
1	1.4800413323347583
1	8.471041320024778
0	0.0
1	2.36254678357637
1	7.9973099808241805
0	0.0
0	0.0
1	1.0776024232170383
0	0.0
0	0.0
1	2.572675197012478
0	0.0
0	0.0
0	0.0
0	0.0
1	6.924049651216595
0	0.0
1	1.0962429034324113
1	6.870298954213356
1	2.9017798294453754
0	0.0
1	2.279624291465183
0	0.0
0	0.0
1	0.9296953752996973
1	7.885068737704544
1	8.08428153780833
0	0.0
0	0.0
0	0.0
1	1.5743189782667604
1	4.923493833481785
1	4.567306838006413
1	6.470005145248327
1	2.940783634827655
1	1.2031537148676859
0	0.0
1	2.8634026919098554
1	2.2993679446142217
0	0.0
1	1.5235249756444138
1	3.1786998809074483
1	1.2704024767305535
1	1.0259702003726798
1	7.625287441132925
1	3.706034330034528
0	0.0
1	1.0303034484980753
0	0.0
1	1.406306453290589
1	3.248290109419583
