0	0.0
0	0.0
1	2.4792246072576516
1	4.852139466546661
1	4.60665187221157
0	0.0
1	1.226896508088617
0	0.0
1	2.782961939285945
1	8.149768253015596
1	2.5888202756870884
1	3.302502595879476
0	0.0
0	0.0
1	2.854535157365535
0	0.0
1	0.9644981752595182
0	0.0
1	2.673058062872786
1	3.8977929593655243
1	1.1048786515642322
0	0.0
0	0.0
1	1.4429801909949131
1	1.5722991394905947
1	5.25188968681271
1	5.714365584181489
1	7.900774715270535
0	0.0
0	0.0
1	1.5758186935402598
1	1.2039722817593346
1	2.4218697046886346
0	0.0
1	0.9916775899053739
0	0.0
1	7.3366672256399355
1	5.0391664976394335
1	0.9662015058604613
1	0.9456902843499495
1	7.00938801696181
0	0.0
1	1.3850546667471093
0	0.0
1	6.924384780635868
1	1.014395857881306
1	2.7075357870607566
1	1.127468966919599
0	0.0
0	0.0
1	1.4218093041400204
0	0.0
1	5.882702144077106
1	5.175261328671691
0	0.0
0	0.0
1	4.672755725931839
0	0.0
1	2.979543652318718
1	1.1913641821941885
1	1.5395740249773482
1	2.679344688732392
0	0.0
1	7.861752254771343
1	5.183852697675582
1	2.9744465159276827
1	5.39817018154228
0	0.0
1	1.4489933633524914
0	0.0
1	2.3146481613350196
1	4.862500059843367
1	5.193972523722037
1	2.8086380304957874
1	4.881423724652182
0	0.0
1	1.5143208849725984
0	0.0
0	0.0
0	0.0
1	1.5270311532195469
1	3.8718573884463283
0	0.0
1	6.831605311607614
1	7.869126913396544
1	3.540672676195678
0	0.0
0	0.0
1	1.289870747433877
1	3.9982831177016576
1	5.311167968300716
1	8.03877765975682
0	0.0
0	0.0
1	2.3129955029560185
0	0.0
1	5.002307331133861
1	1.4773007917032963
1	1.2179117319056374
1	2.3693318939929267
