0	0.0
0	0.0
1	2.8224014766045653
1	3.198818188984077
1	2.460964438367468
1	6.0889097357218445
0	0.0
1	1.5514780261290677
0	0.0
1	6.410476659523585
1	5.41673181719145
0	0.0
1	2.281802932831964
0	0.0
1	2.866484282535158
0	0.0
1	4.9601414912431085
0	0.0
0	0.0
0	0.0
1	2.5654108103221236
1	1.0542052473828232
0	0.0
1	5.120589118115165
1	2.777502806834379
1	2.9362626097728017
0	0.0
1	1.327256659767417
0	0.0
1	7.0105117888962445
1	1.1934061412979573
1	3.4738856807989307
0	0.0
0	0.0
0	0.0
1	1.2028638934589146
0	0.0
1	1.4337269833007116
1	1.4024446187492505
1	7.026650320982741
1	1.1191861332110853
1	2.466461166469838
0	0.0
0	0.0
0	0.0
1	1.4922101995305117
0	0.0
0	0.0
1	8.096042682830598
1	4.576173811266518
0	0.0
1	3.3670388143508125
0	0.0
0	0.0
1	1.259638597150626
0	0.0
0	0.0
1	1.324739142595253
0	0.0
1	1.3821339328148023
0	0.0
1	1.3923923757823249
0	0.0
1	8.509079953038631
0	0.0
1	1.0896278852821322
1	3.4976755564539626
1	5.802527250016576
0	0.0
1	7.401841190842152
0	0.0
0	0.0
1	6.752855566042002
0	0.0
0	0.0
1	3.393684341241878
0	0.0
1	1.3015006863868317
0	0.0
0	0.0
1	5.69924700274847
0	0.0
1	0.9178256441504647
0	0.0
1	6.780797353658749
1	3.191460447880507
1	6.798931891116398
1	4.73913025281834
1	1.3267853758044277
0	0.0
1	1.592578841308561
1	3.8793378586559477
1	2.970881025935282
1	3.404588537435956
0	0.0
0	0.0
1	5.151929013534255
1	3.148058802387481
1	2.311643444135159
1	6.816948382551078
