1	5.942813779771891
1	4.777368462223707
1	2.3261725134036064
0	0.0
0	0.0
1	7.944455318472702
1	6.271188545622622
1	6.115936853283962
0	0.0
1	8.292287497776721
0	0.0
1	5.439436657381658
0	0.0
1	1.2886942196139999
1	3.7092003748349707
0	0.0
1	1.2395920234241125
0	0.0
0	0.0
1	8.160325466550963
1	0.9983728911159956
1	3.2966443023207406
1	4.591012740447489
1	3.2512683928960784
0	0.0
1	1.319363779177798
0	0.0
1	1.3687855938028584
1	8.164792871499712
1	3.8389673197233374
1	2.8982843411196964
1	3.0304463804485344
0	0.0
1	3.9986318191638364
1	0.931927278340199
1	1.5432702029865668
1	2.3689213226893764
1	5.728043820781619
1	1.1020345401481069
1	1.276253389338248
0	0.0
0	0.0
1	1.0061652767982268
1	1.5009025149098454
0	0.0
1	3.347998960917875
1	6.749318646036546
0	0.0
0	0.0
1	1.096309533342617
1	1.5015230989372248
1	3.640094163312433
0	0.0
1	1.4300057353178417
1	6.057665808010049
0	0.0
1	1.082168788457258
0	0.0
0	0.0
1	2.835640026817931
0	0.0
1	3.489961550639441
0	0.0
1	1.4926993216446482
0	0.0
1	6.726661117759612
0	0.0
1	6.375589706793885
1	1.071704484957515
1	1.48961376508114
0	0.0
0	0.0
0	0.0
0	0.0
0	0.0
0	0.0
1	3.938177696839635
1	5.212758986675889
1	3.4162797551305264
0	0.0
0	0.0
0	0.0
1	3.2595407291065466
1	3.739892852351926
1	5.154743181584097
1	1.4648449119857028
1	3.8387900019748904
1	2.554303872011932
1	2.3426341797492327
1	3.9008771075679287
1	0.9695167888905554
1	5.889545758172924
0	0.0
0	0.0
0	0.0
1	4.843262606095213
0	0.0
1	1.1039465884330826
1	3.2547955192319473
0	0.0
