0	0.0
0	0.0
0	0.0
1	5.485453241810327
1	7.9242515192326195
0	0.0
1	1.2646054120720986
1	2.377511989744433
1	7.865957635681836
0	0.0
1	6.254815790609937
0	0.0
0	0.0
1	1.5199684289041477
1	3.168429041169629
1	1.2409144706682436
0	0.0
1	5.8802946283767135
1	3.5209489700316454
1	0.9677418519312023
0	0.0
1	5.690180398264209
1	3.873871886598525
1	8.027105815946806
0	0.0
1	4.656881147607846
1	2.835264095136781
0	0.0
1	3.649334205868492
1	3.343297828955459
1	1.4504703105158896
1	1.2169761888604333
1	8.557335733306742
0	0.0
1	1.5332993270220414
0	0.0
1	7.305634109239646
1	7.762408899895437
1	2.3420680862683643
1	8.143160274027021
1	0.9474777060941955
1	3.073454089471129
0	0.0
1	2.383689035797959
1	6.1347817389761525
1	1.3214953083766665
1	7.63008601985483
1	3.8324563698505787
1	2.4395004511677953
1	6.109087855007376
0	0.0
1	4.50204059812352
1	3.782649222444479
1	1.2773867420429816
1	1.5104207265016205
1	1.2308148488603274
1	3.739356900755623
1	8.057873763608656
1	2.755268481400128
0	0.0
1	3.600954289862941
1	1.1311469277611474
1	6.893349430526852
0	0.0
0	0.0
0	0.0
1	1.4979620111012086
1	2.7064678480312585
1	2.426312962956853
0	0.0
1	1.2556808728817899
0	0.0
1	7.734160797894393
0	0.0
1	1.5243344981170774
1	1.1742648348155413
1	3.502210569225214
1	2.8884922554769004
1	1.3176114288913352
0	0.0
1	3.7715489369279394
1	6.395111006048327
1	1.4930577666744744
1	2.621954323590481
0	0.0
1	4.737687863786036
1	6.470585571863759
1	3.0006368681682525
1	2.7227344730749587
1	3.77893971001076
1	1.4963169496094482
0	0.0
1	5.592283490036204
0	0.0
0	0.0
1	2.595976513170268
1	1.2717108930993928
1	1.121826750688364
1	7.95194493132938
0	0.0
