1	1.0598169889422722
1	1.2654716030032462
0	0.0
0	0.0
1	2.6973718759423138
1	1.3708732337600518
0	0.0
0	0.0
1	0.9270805333672891
0	0.0
0	0.0
1	1.121334687967755
1	6.358200185268931
0	0.0
1	3.6334486553360286
0	0.0
0	0.0
1	2.3246916778894655
1	1.5599494107110297
0	0.0
1	5.976715791047816
1	1.5001132824119936
0	0.0
1	8.102842417344208
1	1.415701884513684
1	1.2594345971569245
0	0.0
0	0.0
0	0.0
1	1.1525915189444342
1	3.657689312095276
1	6.782768328409281
1	3.691255305630143
1	1.3720131414490107
1	7.033463658801741
1	6.149286788344929
1	1.0944847264933038
0	0.0
1	3.6526782615354274
0	0.0
1	1.5902951602203834
1	5.08504452478868
0	0.0
1	3.0761175227522055
0	0.0
1	1.0965554067524668
0	0.0
1	7.240318267940133
1	1.2578547749334006
1	1.1931465002904773
1	1.4958265989200328
0	0.0
1	5.428079420190753
1	6.781276399526832
0	0.0
1	1.1204257584038655
1	1.5686662945289487
1	5.008755530686151
1	0.971500977676051
1	7.457669638105779
1	5.745526683818852
0	0.0
1	1.032674229939956
0	0.0
0	0.0
0	0.0
1	6.616913383316485
0	0.0
1	0.9767565742935932
0	0.0
0	0.0
1	1.4280347396326145
1	3.078985506849688
0	0.0
1	2.317124690023499
1	2.6746276862796003
1	3.990867829485297
0	0.0
1	1.2141080465376741
0	0.0
0	0.0
0	0.0
1	1.4550146004649673
1	2.2552953641080578
1	7.370556198290499
0	0.0
1	8.18518919103591
1	1.0089996622758783
0	0.0
0	0.0
0	0.0
0	0.0
0	0.0
1	7.373562324842359
0	0.0
1	1.2780388154345927
0	0.0
1	5.623951315444715
1	2.7825564644146783
1	2.424571425110569
