0	0.0
0	0.0
0	0.0
1	1.5633302677965273
1	6.604646569734908
1	3.688933120859002
1	4.873304444504524
0	0.0
1	1.272387857771602
1	0.9259925520719111
1	8.434984712943994
1	3.6864694903525637
1	2.5476868665310777
1	3.5901272100722683
0	0.0
0	0.0
0	0.0
1	2.916145400184492
0	0.0
1	2.5207452659025873
1	1.2491985495784
1	6.915359266002845
0	0.0
1	3.991735245760225
0	0.0
1	3.093004316287359
0	0.0
1	7.005207924481557
0	0.0
0	0.0
0	0.0
0	0.0
0	0.0
1	3.771547526271951
1	2.3353799830744593
1	3.795709497242479
1	7.154263270331863
1	7.211435834025534
1	0.9074451993477755
1	1.5065479374465292
0	0.0
1	4.911382181850748
0	0.0
1	1.1484376358687
1	3.2556650303269494
1	7.477728480038809
0	0.0
0	0.0
0	0.0
0	0.0
1	0.9755714091585092
0	0.0
1	5.744103173569395
0	0.0
1	3.4254510768434057
1	7.8796063963693435
1	1.4378496885547563
1	1.1120334539729069
1	3.784914074183917
1	2.5099907791365945
1	2.5778711387445026
1	2.7663277524804304
1	1.5593858179841469
1	3.0748550210507415
1	1.2258407814544614
0	0.0
1	3.1806469903217898
0	0.0
1	3.1627808600586023
0	0.0
1	1.380322219146155
0	0.0
0	0.0
0	0.0
1	1.081216404842726
0	0.0
1	2.936746867705372
0	0.0
1	5.776611882572372
1	5.978728135584659
0	0.0
1	3.082552082713462
0	0.0
0	0.0
0	0.0
0	0.0
1	1.2015013093658213
0	0.0
0	0.0
1	7.786693712877461
1	5.868463914197923
0	0.0
1	1.2256647767058886
0	0.0
1	2.631211456410718
1	4.544458084253324
1	8.559833572800086
1	2.7656167834898784
0	0.0
1	0.9583850823304928
