0	0.0
1	6.657893323002157
1	1.3818438344075843
1	7.878519784613385
1	2.939397668574275
1	6.4041092717436205
1	5.6533503180709
1	4.892160837355973
1	1.568578703616807
1	6.844732824531318
0	0.0
1	1.024519538198848
0	0.0
0	0.0
0	0.0
1	3.09652662417076
0	0.0
1	2.768271522067003
0	0.0
1	1.4106198277459479
1	2.3372556207443425
1	8.39912132840195
1	0.9509272952756641
0	0.0
1	5.465362870145496
0	0.0
1	1.469613873825395
1	3.2961318023715096
1	2.91111752106035
1	2.7374542629517435
1	1.0537180135716189
1	3.1771112079468042
1	2.31415710205443
1	1.5217067215194318
0	0.0
0	0.0
0	0.0
1	3.191784679385952
0	0.0
0	0.0
1	3.8448733460386824
0	0.0
0	0.0
1	7.810741955711377
1	1.115559165911122
0	0.0
0	0.0
0	0.0
1	4.880000175923677
0	0.0
1	3.102771543290079
1	7.129907301894569
1	3.6881473533201676
1	5.9990553111578135
1	1.3240604021305535
1	3.6068838321310843
0	0.0
0	0.0
1	2.689134056440769
0	0.0
0	0.0
1	3.4405842316598365
0	0.0
1	1.06727758456119
0	0.0
1	7.9417439568189305
1	0.983002597421335
1	3.1951586832062784
1	6.628438388194005
1	8.372099574819103
1	7.545345755113696
0	0.0
1	3.8948325341589345
0	0.0
1	3.024886719018324
1	1.289313283216921
1	1.5960713846198153
1	8.443839162236003
1	1.3737092759014913
0	0.0
0	0.0
0	0.0
1	1.0327841498970614
1	7.207179734844056
0	0.0
1	2.8523828793114197
1	3.954170888645437
1	1.2649694714859465
0	0.0
0	0.0
1	1.134645156965929
1	1.0107859229188256
0	0.0
0	0.0
0	0.0
1	1.4447702684375554
1	1.299533062947848
1	3.6668476920773
0	0.0
0	0.0
