0	0.0
0	0.0
1	4.701036250378594
1	5.709574708964962
1	1.335168938157946
0	0.0
0	0.0
1	3.148386428258463
0	0.0
1	0.9935558708528766
0	0.0
1	2.729876252351745
1	7.010792728272444
1	8.204910679460701
1	0.9582118085025051
1	0.9239221817410804
0	0.0
1	6.657185907833036
1	7.034223284266925
0	0.0
0	0.0
0	0.0
1	3.0377195338815337
0	0.0
1	1.4526766865998706
0	0.0
1	2.8290083693995096
1	5.560922985239089
1	6.581178305235517
1	3.5253425814304102
1	7.932549723104836
1	6.74699523399102
1	0.9493354366948026
1	1.4091940529786098
1	3.733609063270233
1	3.6102598831526875
0	0.0
1	5.068116614275232
1	6.41422604447763
0	0.0
1	7.36955931678818
0	0.0
1	6.476074375240161
1	3.024594166222895
0	0.0
1	4.917417274193313
0	0.0
0	0.0
0	0.0
1	6.262582133234979
1	1.4071955785954748
1	8.259298988716322
1	8.294830240394942
0	0.0
0	0.0
0	0.0
0	0.0
1	6.981104607548443
0	0.0
1	6.689563375385562
0	0.0
0	0.0
1	2.709843212446787
1	1.2241112941936518
1	6.577939107242975
1	5.958370770312544
1	5.988228049740738
0	0.0
1	3.782126607774347
1	1.496864848017569
0	0.0
1	6.834693926656308
1	1.513791397598776
1	1.1929178797192055
0	0.0
0	0.0
0	0.0
1	0.979934551485752
1	2.454759815739445
0	0.0
1	1.0417468988923586
1	3.6276263013521546
1	1.0880135845001808
0	0.0
1	1.3453781833925786
1	3.4984099913365254
0	0.0
0	0.0
1	3.332955351824888
1	4.692103628976941
1	2.541955970755499
1	1.2546135276478618
1	1.2767200584360872
1	1.2534214664459662
1	1.3099655092048859
1	1.3314441802367138
1	0.9405652686097976
0	0.0
1	1.3640846735000722
1	1.3872784561221487
