0	0.0
0	0.0
1	6.820150546384024
0	0.0
1	1.4547150130853126
1	6.188863654003452
1	3.107875710169157
1	0.9665912746365667
1	1.2053819000595696
0	0.0
0	0.0
1	1.0827078432541257
0	0.0
0	0.0
1	1.4511766754416664
1	7.641796372533947
1	6.83660663066074
1	1.0200194144898926
0	0.0
1	7.317874396327618
0	0.0
0	0.0
1	1.0325223460095176
0	0.0
0	0.0
1	1.0225397654078225
1	1.1225962639960816
0	0.0
0	0.0
1	1.2680745964723683
1	7.624058674306571
1	6.340589775731817
1	8.589994967534995
1	2.5079043379359476
0	0.0
1	1.545382347782469
1	6.255480687393168
1	0.918006553030631
1	3.8349107549844117
1	3.5218420092893936
1	4.848740203410907
1	1.413794576840822
1	3.047055972348848
1	3.657165429218548
1	3.9292373279206623
1	6.04093960658934
0	0.0
1	2.6334798665359935
0	0.0
0	0.0
0	0.0
1	4.544429044115918
1	2.6743773127494452
1	0.9434774375435087
1	8.405703889093495
1	3.265364061107254
1	7.019425333347954
1	1.5481322831164994
1	1.39079365293459
0	0.0
1	6.861668445283978
1	2.7264532418702365
1	0.9194535732237178
1	2.872019901356815
1	2.5183674892383245
1	2.982795093088287
1	3.660442631350347
1	1.440717073005891
1	1.3787018229455836
0	0.0
0	0.0
1	3.2079962416342758
1	7.3142298658169675
1	1.2941485960313197
1	7.154400344243989
0	0.0
1	3.178131394683775
0	0.0
1	6.649126161506224
1	2.430632118906874
0	0.0
0	0.0
0	0.0
0	0.0
0	0.0
1	1.3979890917902416
1	7.8631595393683
1	3.1125145099401714
0	0.0
1	3.772028552638291
1	1.0277662831610206
0	0.0
0	0.0
0	0.0
1	5.5491854663521964
1	3.8067433301171745
0	0.0
1	5.588169981700337
0	0.0
0	0.0
