0	0.0
1	4.905105171734402
1	5.888306060411055
1	1.5489124125995408
0	0.0
1	1.5698721236513165
1	7.806281851199979
1	1.3655484711468735
1	4.889342633815987
1	6.827553042676389
0	0.0
1	1.2485528508637502
0	0.0
1	2.8834330252763456
0	0.0
1	5.319181200192522
1	3.925110430625425
0	0.0
1	1.251752614080608
0	0.0
1	1.5092321944471863
0	0.0
0	0.0
0	0.0
0	0.0
1	2.601895199980667
1	1.5408367788947581
0	0.0
0	0.0
0	0.0
1	5.295142185596254
1	7.053053883650629
0	0.0
0	0.0
0	0.0
1	7.845453648883847
1	2.876765652132109
1	2.353481167860076
1	0.9731832289534609
0	0.0
1	1.4472053884184568
1	0.9579473823307133
1	7.0101631437114165
0	0.0
0	0.0
0	0.0
1	0.9624106578208687
1	4.876935587192455
1	5.2269258100240155
1	1.5505734573536643
1	3.2404196917295343
1	8.040809520866727
1	2.3547875850814153
0	0.0
0	0.0
1	1.1709181071348342
1	2.8717299529432885
0	0.0
1	3.7392513481973837
0	0.0
0	0.0
1	2.6834971715666085
0	0.0
1	3.427523177460158
1	5.305085062855279
0	0.0
1	6.923700545245168
0	0.0
0	0.0
0	0.0
0	0.0
1	3.3358701639218364
1	5.00930939713881
0	0.0
1	8.405522225660729
1	6.55928940940689
1	1.3755094463539757
0	0.0
0	0.0
1	1.1232026005211788
0	0.0
1	5.965270872612569
1	2.680152223352476
1	0.9175955251079913
1	2.52453159966597
0	0.0
1	7.007734192295448
0	0.0
0	0.0
1	1.5301978419178908
0	0.0
1	7.796686634062157
1	1.4913589690982314
1	1.5726583551443052
0	0.0
1	3.5064677686432324
1	1.5006841540963154
1	2.4498668406674753
1	8.13096557787691
1	1.537672404327961
