1	6.040876257570902
0	0.0
1	2.6766278845477296
0	0.0
0	0.0
1	3.1743958746538747
0	0.0
1	6.49026417057985
0	0.0
1	1.0207543580363145
1	3.656240433270968
1	3.474521776760517
0	0.0
1	2.6416782165667176
1	5.771511977312747
1	0.9442937821521631
1	3.1923966965161394
0	0.0
1	2.2847617520233974
0	0.0
1	1.224550688791156
0	0.0
0	0.0
1	8.334536585163526
1	5.944596567929071
1	3.12419304312679
0	0.0
0	0.0
1	1.2665527497332163
1	1.4525817337598936
0	0.0
0	0.0
1	1.0745106128809025
1	5.708566001889264
0	0.0
1	7.112163569190517
1	3.4499143099652523
1	1.1441596295629342
1	7.754801335289457
0	0.0
1	3.8802308364569575
0	0.0
0	0.0
0	0.0
0	0.0
1	1.4424096586175472
1	1.315432760561671
1	2.2543397565999137
1	3.8526874469716974
1	3.962417353604143
1	1.4954377226406708
1	1.4602194548734313
1	3.2888967956649666
1	0.9303577063505769
1	3.786242170981879
1	1.4037361570990892
0	0.0
1	7.905336785410809
1	1.3990355864342026
1	1.3787230900017473
0	0.0
0	0.0
1	1.5153027619806188
1	2.2874676535385157
0	0.0
1	5.371833157805897
0	0.0
1	1.5695496703404306
0	0.0
0	0.0
1	3.547556141406143
0	0.0
1	3.654377455282141
1	1.021275021330826
1	8.498511443978769
1	7.557854613449914
0	0.0
0	0.0
1	1.5636985209281193
0	0.0
1	8.300828967151368
0	0.0
0	0.0
1	3.302861831677767
1	5.923416626431479
1	7.675199739600746
1	6.173007142554399
1	8.436969932638037
1	4.735231844283862
0	0.0
1	1.3138942488792456
1	3.883855581733871
0	0.0
1	1.3904149548953622
0	0.0
1	7.53487592941993
0	0.0
0	0.0
0	0.0
1	7.15564409288762
