1	3.7202630846436207
1	0.9714453540957413
0	0.0
1	3.540116007166652
1	3.063090511922467
1	3.2512471361906536
0	0.0
0	0.0
1	1.4451421698453117
1	2.9591447718476127
1	1.5297395741377473
0	0.0
1	5.694732232977756
1	1.0876408159387783
1	0.9582246563232413
1	7.368398281743814
0	0.0
1	3.023914825474575
1	6.065055470577981
0	0.0
0	0.0
1	2.814367465147592
1	2.402914220775197
1	7.405385129425936
1	2.9783407416753365
0	0.0
1	1.0308470122679134
0	0.0
1	1.5852552850214972
0	0.0
0	0.0
0	0.0
1	4.505139715066345
1	1.4614134256858313
1	2.987948256046593
0	0.0
1	2.5959051830612063
1	6.789245649866954
0	0.0
0	0.0
1	2.364422143266438
0	0.0
0	0.0
0	0.0
0	0.0
1	0.9419207559897684
1	3.0120089100898344
0	0.0
1	5.753654539022321
1	0.9848022137155046
1	3.7356668538279605
1	2.300198805118914
0	0.0
1	7.86928098158015
1	3.4758678054950716
1	6.961071781299657
0	0.0
0	0.0
1	2.556703621291569
0	0.0
1	7.786085765085036
1	8.035923201257956
1	8.01196069551449
1	7.256260002784346
0	0.0
1	6.922247762060065
0	0.0
0	0.0
1	3.583228584583401
0	0.0
1	6.943892927751757
1	3.1804207676617273
1	1.1185667169032658
1	0.9718501915227881
0	0.0
1	2.600838127804865
0	0.0
1	6.298880907241377
0	0.0
1	6.775238907053658
1	1.1759842967019105
1	8.321881720004225
0	0.0
1	0.9113342722311436
1	1.3478595569486354
0	0.0
1	6.288099863008665
0	0.0
1	3.725875781610846
0	0.0
1	2.571612147253147
1	5.1187478446911925
1	3.138665830233057
1	6.083849135847614
0	0.0
0	0.0
1	2.719398490218625
1	1.1968526654173575
1	6.539513190308402
1	1.4348165373209545
