1	1.4227566449623148
0	0.0
1	5.045423768966213
1	2.7727855544846522
0	0.0
0	0.0
1	3.9816975415480127
1	5.423292442901772
1	4.647495400786713
0	0.0
1	7.200432403021747
0	0.0
1	4.78181756461335
1	6.811861366810503
1	2.6142797498029395
1	5.305084411597395
1	6.171391517000806
1	5.5799288403321174
1	1.1575224848431356
0	0.0
0	0.0
0	0.0
1	0.9933068348826707
0	0.0
0	0.0
1	7.307206973027372
1	1.0472621657345829
1	1.0779876103807209
0	0.0
1	1.3004639993603733
1	1.1774298996185615
1	0.9885198754078771
0	0.0
0	0.0
1	2.408921705246228
1	2.2906074990465934
1	2.6700783162375252
0	0.0
0	0.0
1	6.745988448943763
0	0.0
0	0.0
1	3.581537943091246
0	0.0
1	7.651906973228682
0	0.0
1	8.577531862710615
0	0.0
0	0.0
0	0.0
0	0.0
1	2.6658901091305296
1	1.4357385427934628
0	0.0
0	0.0
1	2.8172538146348196
0	0.0
1	4.515117254251667
1	3.6070471202423113
1	7.831149877642475
1	2.318929413536549
0	0.0
1	2.96608815900575
0	0.0
0	0.0
0	0.0
1	1.305269427981028
1	3.5920671782950384
0	0.0
0	0.0
0	0.0
1	3.566555842425171
1	7.5468487746197095
1	0.9332310133384338
1	3.570383263477481
1	0.9498515306448874
0	0.0
1	3.6977651753295033
1	1.1549248573311064
1	3.9014889981216556
1	5.334804805660798
1	1.3409163104895474
1	3.0123912125148387
1	2.6007272366503735
1	3.908101981645647
0	0.0
0	0.0
0	0.0
1	1.2716595639635355
1	8.12206082684961
1	3.119074985803899
0	0.0
1	1.4761764307942995
1	2.4733867336159068
0	0.0
1	6.059088571765978
0	0.0
1	2.9222872567609617
0	0.0
1	1.0061444334722047
