0	0.0
0	0.0
1	1.3680896820171893
0	0.0
0	0.0
1	3.6641045078930436
0	0.0
1	3.103757293089786
1	2.674997473100934
0	0.0
0	0.0
0	0.0
1	7.91109189842942
0	0.0
1	7.609885084417882
1	2.4850314607125736
0	0.0
1	8.099214235619009
1	3.832065887574429
0	0.0
1	2.841879177550829
1	8.503755191615037
1	1.5143358341719955
1	8.599480590572707
1	0.968527239380683
1	8.295541326465226
0	0.0
1	7.210414087362498
1	2.630940685755476
1	4.612316904817206
1	1.0035473010384017
0	0.0
1	3.588013053917715
1	2.5091864207309764
0	0.0
1	4.981729442438564
1	8.492978092446705
1	2.4128735159575116
1	3.034173180540591
1	5.422489946005435
1	3.355020645995384
0	0.0
0	0.0
1	6.198528493206487
0	0.0
1	5.698215388133615
1	8.571139612655863
1	6.121604391837589
1	1.382283555236942
0	0.0
0	0.0
0	0.0
1	6.201978726650989
0	0.0
0	0.0
1	3.546453313671307
0	0.0
1	6.8141712621284976
1	2.4649958774754537
1	3.8974288530189862
1	3.27443733408892
0	0.0
1	3.536079473661373
1	7.933627604926815
1	1.175817680360487
0	0.0
1	1.2562780045354218
1	1.5299188471774356
1	5.319631821587964
0	0.0
1	3.761745224565685
0	0.0
1	4.920675672268752
1	0.9736858119653155
1	5.985850945955807
0	0.0
1	2.7914276232785555
1	4.5245234459528945
1	0.9089575353226553
1	8.147712521428359
0	0.0
1	2.9559999577047065
1	3.088114085604696
1	5.418825493929741
0	0.0
0	0.0
0	0.0
0	0.0
1	1.3018908461246146
1	1.3245255185197329
1	2.5041873664450116
1	8.25938399278091
0	0.0
1	1.5692957152264775
1	2.682085949442844
1	2.773125780614944
0	0.0
0	0.0
1	1.2941139825249315
1	7.160555912561394
