1	1.4845324079120457
1	1.1227134998760362
1	3.605671300862696
1	3.558391135278094
1	3.5022664277022
1	3.3511082970219537
1	3.324094046796024
1	4.818269736305947
1	1.5709423491202608
1	0.9338048491966946
1	5.333446580887862
1	4.8598684460162485
1	1.1429746066397568
1	4.880504237020761
1	1.5318284333078016
1	3.236334935848732
0	0.0
1	3.7172729290277124
0	0.0
0	0.0
1	3.4432655472237164
1	2.6030916275486735
0	0.0
0	0.0
1	0.9554238522260635
1	1.235713264697365
0	0.0
1	1.1359169845195256
1	2.5390321269600356
1	2.6297783756310937
1	2.698104487065648
1	8.464634059293463
0	0.0
1	3.2392653258043027
1	3.7290746471584386
1	2.9316251364091355
0	0.0
1	3.2123553758029484
1	2.8583198558098863
1	1.55187488742135
1	1.2160971278324508
1	3.426612712571661
0	0.0
1	6.9877078959410825
1	3.2003946084479336
0	0.0
1	1.0184944863851504
1	7.733761349784674
0	0.0
1	3.7240312585513826
1	1.4064512800560514
0	0.0
1	6.351729683260512
1	3.0564993927523116
0	0.0
1	6.841082495228157
1	2.994035290363661
0	0.0
1	7.26718593890973
0	0.0
1	1.0572117903007827
1	6.577716201966732
1	3.394597092646632
0	0.0
1	1.0904692377173508
1	3.437984500119327
0	0.0
1	5.850101144039857
0	0.0
0	0.0
0	0.0
1	1.3088874047766224
1	3.6917261733197697
1	1.3850699565448297
1	2.5514792674176086
1	3.692077258977789
1	8.217618023307425
1	1.3536599930462283
1	6.0948832846752925
1	2.3217576050065882
1	1.0153282730716702
1	5.476729734794172
1	3.955753748449851
1	8.454409778985712
1	5.601514712697012
0	0.0
1	5.4977333537508395
1	2.9376329314198433
0	0.0
1	7.641230820956435
0	0.0
0	0.0
1	7.735685868780748
1	1.4488754696819361
1	1.0096776810272585
0	0.0
1	1.3736105508140173
1	1.2010851164552419
0	0.0
1	3.2088044429175193
