1	6.3179089926423195
0	0.0
0	0.0
0	0.0
0	0.0
1	6.666628154402091
1	2.5615167030109656
0	0.0
1	3.5107520733317545
1	3.5276922080596207
0	0.0
0	0.0
1	2.910676948693635
1	3.6713274361120534
1	3.40349312805851
0	0.0
0	0.0
1	1.3437247875728406
0	0.0
1	6.337466608422114
0	0.0
1	1.4484759191156886
0	0.0
0	0.0
1	2.9581466973264208
0	0.0
1	2.459492040334375
0	0.0
0	0.0
0	0.0
1	5.88004716000028
1	3.9684299459034094
0	0.0
1	3.4643102936497794
0	0.0
0	0.0
0	0.0
0	0.0
0	0.0
0	0.0
1	1.5831776260479673
0	0.0
1	1.410733918983278
1	1.2494013713601761
0	0.0
1	5.023552060766281
1	1.508905604077329
0	0.0
0	0.0
1	7.924912874981472
1	1.388299554560604
0	0.0
1	2.96782908309865
1	3.1823784443790415
1	1.5036649774824933
1	1.5755356708614334
0	0.0
1	6.560050219064772
0	0.0
1	1.3028657287604304
0	0.0
1	1.5870971098418236
1	3.8902764185276024
1	7.912780753458961
1	1.1419048851271942
1	2.834781020348169
1	8.247549409533859
0	0.0
1	3.2215051404456827
0	0.0
1	1.4614725488735587
0	0.0
0	0.0
1	8.025393997583489
0	0.0
1	7.924222536813785
0	0.0
0	0.0
0	0.0
1	1.1586484087917368
1	1.3509861609370022
0	0.0
1	1.052980729904868
1	4.87422048633721
0	0.0
1	1.5061014990819928
0	0.0
0	0.0
1	6.3869931332718455
0	0.0
0	0.0
1	3.5178656720486177
1	4.983626506634001
0	0.0
1	1.4830831557507045
0	0.0
0	0.0
1	0.9312816094884352
1	0.9915030963802623
1	1.5186859385245564
