0	0.0
1	5.944259896461955
1	3.748114584433019
1	3.9238357136850106
1	7.373664083646354
0	0.0
1	4.8395054252860765
1	2.626650748210955
1	1.5784678003096828
1	7.763137041803677
0	0.0
0	0.0
0	0.0
0	0.0
0	0.0
0	0.0
1	8.534915962256541
1	2.342653808868593
1	6.0604600439131096
1	1.5981954093560993
1	3.7575122268925427
1	3.364692190147809
1	1.2673326504826914
1	2.7441376677576685
0	0.0
1	3.7278998063714504
1	3.408681842315331
0	0.0
1	3.469515551572108
1	7.145331631107906
1	3.3514677399823625
0	0.0
1	5.017094770538938
1	1.5455886272022008
1	1.4223509486140933
1	6.188904834280452
1	8.313314563941189
1	1.1618058840633023
1	2.7183015607026557
0	0.0
1	2.950511766797959
1	6.394996698264856
1	3.074564918384873
0	0.0
1	3.2071183618409327
0	0.0
1	5.42169738439925
1	8.37994096313115
0	0.0
1	3.923158078259424
1	6.015587607998661
0	0.0
1	1.5182406318826955
0	0.0
0	0.0
0	0.0
1	8.533391343499
1	6.094613798587684
1	1.4450285139604357
0	0.0
1	1.3017577853363038
0	0.0
1	1.3388637636205525
1	8.042664902633591
1	7.442590680472275
0	0.0
1	3.6961627157096046
0	0.0
1	2.6071059767994793
1	3.2449325239092985
0	0.0
1	1.5031204348556733
0	0.0
1	5.208614968302989
0	0.0
0	0.0
0	0.0
1	1.1519777541474672
0	0.0
1	6.978142347111123
0	0.0
0	0.0
0	0.0
1	2.5194534546280116
0	0.0
0	0.0
1	1.5414707416565636
1	7.853060175517512
1	5.623127420349874
1	2.802293367904477
1	3.0075029606577433
1	4.734600512774064
0	0.0
1	7.923157375203045
1	2.9994478243627833
1	1.5173362285638237
1	3.2440473466370503
0	0.0
1	8.589950990793193
1	6.315276325451266
