0	0.0
0	0.0
1	5.083370059961056
1	4.612389957289534
0	0.0
1	0.9312454479545962
0	0.0
1	1.218438964550843
1	3.3163084532425384
1	1.2432005853395127
0	0.0
1	8.14558251950693
1	1.3176783629187172
1	2.5142402525065335
1	3.068552400566289
1	8.258057594990419
1	1.4846171673383148
1	2.580119994231101
0	0.0
1	3.9138866048552923
0	0.0
1	1.5809555143214467
1	2.6289848344253834
0	0.0
1	0.9866968637215755
1	2.6742318385453125
0	0.0
0	0.0
0	0.0
1	1.2135378673494697
0	0.0
1	1.1647423412087314
1	2.5066999433768884
0	0.0
0	0.0
1	2.360179198555681
1	1.4059232298134483
1	3.926147903799739
0	0.0
1	3.3043498682122245
1	4.63724013714964
1	1.3770254523968557
1	2.399196748676394
1	5.7814325819369055
0	0.0
0	0.0
0	0.0
0	0.0
1	5.142025723519648
1	2.446653613779077
0	0.0
0	0.0
1	3.2891607735191535
1	1.5125853791295678
1	3.708250250000465
0	0.0
1	1.226560414218433
1	3.778216879869748
1	1.3738967349232527
1	3.992586580312677
0	0.0
0	0.0
1	6.228550158012991
0	0.0
1	2.998861616213624
0	0.0
1	6.792353627572521
1	7.284082212912018
1	4.813336686779501
1	2.4884969858259263
1	3.905210179602653
1	1.0307448626337896
1	1.0238776709732045
0	0.0
1	6.316025006513267
0	0.0
0	0.0
1	7.0789105676609445
1	3.350907287904456
1	2.960087513733577
0	0.0
0	0.0
0	0.0
1	1.4189025168212397
1	2.256259037507833
0	0.0
0	0.0
1	3.541187684475221
1	6.882151669749726
1	1.141357775099268
1	6.231267559915298
1	6.76658846790145
1	3.8633024354890932
1	3.134381956962696
0	0.0
1	2.747935410903436
1	1.4565215586990212
1	3.567711036184875
1	0.9474031636491012
1	1.5055115902112894
