0	0.0
0	0.0
0	0.0
0	0.0
1	7.748192422221999
1	2.8566611632745964
1	1.4401092796562116
1	2.808473506330827
1	3.804307571258974
1	5.119006692284049
0	0.0
1	1.5840303409078218
0	0.0
1	1.0661754342141387
1	1.2461827686976692
1	1.0402261840373028
1	1.3629488644518855
1	6.3377795719858785
1	6.334391033922734
0	0.0
1	7.693955990730186
1	2.405351903921198
0	0.0
0	0.0
1	1.3817891845187846
0	0.0
1	2.4647674810376534
0	0.0
0	0.0
0	0.0
0	0.0
0	0.0
1	1.2012814278049908
1	3.9013581831810593
1	6.946720535571035
1	1.157927536314437
1	0.9809190130055048
1	3.335599908933396
1	7.1306546544674445
1	1.018443025529752
0	0.0
0	0.0
0	0.0
1	7.808846574012306
0	0.0
0	0.0
1	3.9642255239855055
0	0.0
0	0.0
1	3.079540039544817
1	1.1866791063317002
1	6.679000518897828
0	0.0
1	2.4695709832388686
1	4.833195414576325
1	1.3108099255722263
1	2.6480157530253927
1	3.5269314066084054
0	0.0
0	0.0
1	4.9677671881384065
1	3.5481764026932017
0	0.0
1	1.3975941677114565
1	8.330828954786272
1	7.204216609590136
0	0.0
1	3.0490327580417387
0	0.0
1	1.0266826345668734
0	0.0
1	1.5869815070581903
0	0.0
1	7.321983846085914
1	1.2312839421788402
0	0.0
1	2.574251828522431
1	1.4643765605581356
0	0.0
0	0.0
1	2.3402956511487334
1	7.755736513714611
1	5.147643703945583
0	0.0
1	6.173411908468528
0	0.0
0	0.0
0	0.0
1	6.98406626386471
0	0.0
0	0.0
1	1.0242967649421097
0	0.0
1	0.9200714928359666
1	1.180591987333962
1	3.5615092662076977
1	3.23784260842152
0	0.0
0	0.0
1	1.1729177431035311
