1	1.0432061493094114
0	0.0
0	0.0
1	2.4102002459353495
0	0.0
0	0.0
1	3.12307930091946
1	7.626869386937918
0	0.0
1	5.493109069724039
0	0.0
1	1.3537474415850421
1	1.324212727063181
1	4.62412024307741
0	0.0
1	7.473135142786235
1	1.318759046854662
1	3.75358757151255
1	5.655842471322949
1	1.3571554771253758
1	1.0401385911881096
1	4.486121551487889
0	0.0
0	0.0
0	0.0
0	0.0
0	0.0
1	6.6533336145134445
1	2.8992682773351315
1	1.3815893745301446
0	0.0
1	1.5803312760453263
1	2.756376400683269
0	0.0
1	1.2894859936855965
1	6.371891404699804
0	0.0
1	7.913266915064966
0	0.0
0	0.0
1	5.588800546515107
1	1.250447500224137
0	0.0
0	0.0
0	0.0
0	0.0
1	5.775213671334895
0	0.0
0	0.0
0	0.0
1	3.2391008016393426
0	0.0
0	0.0
1	0.9882340020340787
1	1.1788939946028565
1	2.898431436397922
1	5.267079561263594
1	1.2950036782916534
1	3.921281749099487
1	4.707005164530727
0	0.0
1	3.3345109248375713
1	1.0679361672548815
1	8.076087416874596
1	7.059358661209874
1	4.515766805590619
1	2.8148919088679305
0	0.0
0	0.0
1	1.2011014482255578
1	3.8493969518695392
1	8.553411037810731
1	1.4066284704419156
0	0.0
1	2.5711899634750774
1	1.2219669237923085
1	5.271565096577709
0	0.0
1	1.314581548369964
1	1.2493746996058785
1	1.087960506206299
0	0.0
0	0.0
0	0.0
1	4.847688119866553
0	0.0
0	0.0
1	3.4648441003652217
0	0.0
0	0.0
0	0.0
1	1.3976556513585594
1	3.25341708122549
1	2.9285180461214875
1	3.53138458383136
0	0.0
1	5.484025923097111
1	1.3335657487909658
1	1.4271807739213815
1	3.6206406832399636
