1	3.204975222525877
0	0.0
1	1.3573101441153845
0	0.0
1	3.120353508992095
1	1.3264343236952705
1	8.418256014233082
1	3.2133433030433776
0	0.0
0	0.0
1	1.5513914056800164
0	0.0
0	0.0
1	1.1767480138655537
0	0.0
1	1.0858068151946285
0	0.0
1	3.3826573569270004
1	5.499607990433241
0	0.0
0	0.0
1	0.9708725000000409
1	3.330177353415975
0	0.0
0	0.0
1	3.364210453162497
1	3.652012918271464
1	6.154577766126494
1	0.986608960298366
0	0.0
0	0.0
0	0.0
0	0.0
1	2.577972202925867
0	0.0
0	0.0
1	1.4769177608014163
1	5.234785724073647
1	1.5375031910453876
0	0.0
0	0.0
1	5.7376805039033725
1	1.0515786110631662
1	1.3342519017082761
0	0.0
0	0.0
0	0.0
0	0.0
0	0.0
0	0.0
1	7.136686641550848
1	1.3791691822796461
1	3.1399780536916557
0	0.0
0	0.0
1	3.1820719889298523
0	0.0
1	3.569935352525035
1	1.0538578989172351
1	2.709724786126403
1	4.843798331600768
1	3.6776096928452757
1	1.0265615240985038
1	6.069608058518891
1	8.179918355111939
1	3.3978720330890684
0	0.0
1	2.6057154782134115
1	5.7322319765463465
1	3.4455533780852394
1	3.402007230706938
1	1.4776186485510272
1	6.1040922395111155
1	3.079274020594327
0	0.0
1	8.313330954091617
1	0.9335380788690488
0	0.0
0	0.0
1	8.248718699295962
1	3.6479905027220285
0	0.0
1	2.700221054684926
0	0.0
1	3.662249314153048
1	1.0317196732758367
1	5.090374633837949
0	0.0
1	7.115136488324088
0	0.0
1	6.113115129873076
0	0.0
1	5.333194175649591
1	0.9457457516747252
1	1.5086680088209472
1	6.959871057041395
1	1.2057051746805358
0	0.0
1	1.310834995545878
1	3.1301639266507784
