1	3.2603429837381293
1	5.293286912532702
1	5.398709462511855
0	0.0
0	0.0
1	3.752284567785666
1	1.2587816348198317
1	7.736385832482252
0	0.0
1	3.8274052262985667
0	0.0
1	2.907480114067389
1	3.0077568148370672
1	5.440733378206501
0	0.0
1	1.5943636118741988
1	1.4763796243286533
1	3.2952599685374047
1	7.386856513609695
0	0.0
1	2.4660946531355563
1	1.3675311498388552
0	0.0
1	2.3562310671087197
1	3.4879754638151823
0	0.0
1	1.1493896745265415
0	0.0
0	0.0
0	0.0
1	1.5745238467054756
1	2.404582964539658
0	0.0
1	1.267203437164067
0	0.0
0	0.0
1	4.493284648460152
1	8.53239280066379
1	3.2484755321314944
0	0.0
1	4.7122156431822315
0	0.0
0	0.0
1	5.602342006453755
0	0.0
1	1.0548470870054745
1	6.070785574139447
1	6.820513877097461
1	1.3024793590264552
1	0.9376492446196135
0	0.0
0	0.0
1	7.998789891738012
0	0.0
1	3.5877372360769786
0	0.0
1	0.9648660057909159
0	0.0
1	1.5854048992111651
1	3.8845319098810283
1	7.1397508579972815
0	0.0
1	2.9919291475979626
0	0.0
0	0.0
0	0.0
1	5.12899643606137
0	0.0
1	3.104037119049444
1	1.1645305326352695
0	0.0
0	0.0
0	0.0
1	6.331836975578516
1	2.86526967638961
0	0.0
1	1.1504914453728068
1	7.581646283764678
1	1.1782681685897174
1	1.0550510679514973
1	6.288195411294338
1	1.3468813558197712
1	5.0793710941308525
1	1.566803582153244
0	0.0
1	3.559450352334757
0	0.0
0	0.0
0	0.0
1	5.275287616422527
1	6.606116675225373
1	1.285433572267657
0	0.0
1	3.157708856624475
1	2.4762325147369966
0	0.0
1	0.9496665124701628
1	1.4305073128382477
1	3.8984934868155676
1	8.103686877566169
