0	0.0
0	0.0
1	1.3834546677048984
0	0.0
1	6.088232274567519
1	1.0650315066578593
1	3.3019511453822132
1	1.0997613243066122
1	0.9748722981699153
0	0.0
1	4.564485911111817
1	1.2578547468461454
0	0.0
1	8.343902079499802
0	0.0
1	1.2087451551528523
0	0.0
0	0.0
0	0.0
0	0.0
1	1.0145487172788854
1	1.2405616101595527
0	0.0
1	1.0012667870303686
0	0.0
0	0.0
0	0.0
1	3.9140561835317156
1	3.8212275571306953
0	0.0
1	3.354719269070555
0	0.0
1	8.192349375144252
1	8.199403952543815
0	0.0
1	3.3959825912590045
1	6.2779581741292025
0	0.0
0	0.0
0	0.0
1	1.5449024799346258
0	0.0
0	0.0
1	2.9957486187531464
1	2.882153929441589
1	1.316094219454853
1	5.799452416238866
0	0.0
1	3.1960215056917805
1	7.3008854349568635
0	0.0
0	0.0
0	0.0
1	2.58093101519833
0	0.0
0	0.0
1	3.964995461733791
1	1.150594881532351
1	3.085102878410489
1	1.3500078913656313
0	0.0
1	7.500897471819657
1	3.3945407115838724
1	3.1050019263463877
0	0.0
1	4.948067662592148
1	1.358222050928315
1	7.9039797121233795
1	1.3625961348556306
1	1.1551561315023011
1	1.212676618483852
0	0.0
1	2.405475306202379
1	2.7279969928042935
1	1.2549803691527535
1	8.029894142430095
1	3.411593369936274
1	3.290054055347868
1	2.5789023270515963
0	0.0
1	3.288930139811887
1	5.3302724807864825
1	1.3833515797304652
0	0.0
1	3.9822958526046013
1	6.012074147706698
0	0.0
0	0.0
1	1.0574703878828777
1	5.602627487319576
1	0.97925340132827
1	7.979860889885262
0	0.0
0	0.0
1	3.53097660103678
1	8.498905537728978
1	1.3238642872301698
1	0.9648648435596702
0	0.0
1	3.165061795148508
