1	0.9509625362255042
0	0.0
0	0.0
0	0.0
1	2.791918009384014
1	8.491758319135808
0	0.0
0	0.0
1	3.3037114263126335
0	0.0
0	0.0
0	0.0
1	3.6985883810108136
1	6.635407510362144
1	2.9626574143361974
1	3.7064602704065908
0	0.0
0	0.0
1	1.4030313992808514
1	1.4935344454889163
0	0.0
1	3.7460422188603957
1	2.315000896964009
1	2.749587549545652
1	3.51286956850008
0	0.0
1	1.1128377302628647
0	0.0
1	4.928767495691821
1	6.9643320696583215
0	0.0
1	2.9633588355544327
1	1.1000025931822561
0	0.0
1	8.42784918139963
0	0.0
0	0.0
0	0.0
1	0.9184701314004621
1	8.412037063228071
1	2.3144733047050865
1	0.9830206852907789
1	6.651441014849533
0	0.0
1	6.136574507636368
1	2.683888092179891
1	1.35533971986052
0	0.0
1	0.9140946747489089
1	1.3560258677737793
0	0.0
1	4.766893317763552
0	0.0
0	0.0
0	0.0
1	3.278666704186519
1	3.070241902056301
0	0.0
1	2.5591319809212973
1	5.649224580131652
0	0.0
1	1.596008384099516
0	0.0
0	0.0
0	0.0
0	0.0
1	6.156278809394439
0	0.0
0	0.0
1	1.3526951753329994
1	3.5286858479277083
0	0.0
1	3.495968287047659
1	1.2310703960696658
1	2.9490812297574958
0	0.0
1	1.0458826618144474
0	0.0
0	0.0
1	4.947467877167746
1	5.735864133157188
1	3.41579352244237
0	0.0
0	0.0
1	6.455864094204468
0	0.0
1	1.0665209142315786
1	7.912685724640434
1	2.4559498265727937
1	1.0706287090272677
0	0.0
0	0.0
0	0.0
0	0.0
1	7.04717354730465
1	2.6449593437897922
0	0.0
1	1.2755901914565646
1	3.9614571771334677
0	0.0
