0	0.0
1	1.4201750959510417
1	4.59079897105918
0	0.0
1	2.3440271191039006
1	0.9837036281899573
0	0.0
1	2.5281167684315196
1	2.773634894338604
1	5.854429670409135
1	1.273328350146281
1	2.3924229951394453
1	1.1930467338760913
1	1.3118314470951389
1	1.4704605376574063
0	0.0
1	3.8100431629805436
1	1.0664406460219684
0	0.0
0	0.0
1	0.987847568054543
1	7.905797556617096
1	2.4064715227764872
1	5.296618150483729
1	6.692460959277293
1	1.0343728313896765
0	0.0
0	0.0
0	0.0
0	0.0
1	1.0211056629307678
1	0.9889042457812678
1	2.806567916030572
1	1.1959270999659761
0	0.0
1	5.734325946687376
1	1.5504286614196139
1	4.677085047855431
0	0.0
1	6.545754374507256
0	0.0
1	1.1744591831244322
1	1.285745985514791
0	0.0
1	2.4742037394926344
1	1.4818350055917375
0	0.0
1	0.9927904469849332
1	7.828587893576379
1	1.160448314836613
1	1.5765006383733562
0	0.0
0	0.0
0	0.0
0	0.0
0	0.0
0	0.0
1	1.0483325476204823
0	0.0
1	4.500093177360148
0	0.0
1	3.0578953654650536
1	3.2501255564177196
0	0.0
1	8.181121714223
0	0.0
1	1.2332667062625338
1	7.71155961544919
1	4.940529625777714
1	7.63594824122706
1	1.5138690512723465
1	2.8607143727198183
1	3.479750515226795
1	3.281279819458001
1	3.7564545446263407
1	2.4018065436560234
0	0.0
0	0.0
1	3.8064774947229023
1	3.868519103607803
1	2.927641479711548
1	4.546500213497148
1	2.5500464520008537
0	0.0
0	0.0
0	0.0
1	3.383842262374103
1	5.904781895021053
0	0.0
1	8.306680993499873
0	0.0
1	2.469071016394234
0	0.0
1	1.3313165753169964
1	3.7905320959094535
1	4.81736457153811
1	3.7000296216986683
0	0.0
1	3.148294572412862
1	3.45001154795592
