1	1.384709770750871
0	0.0
0	0.0
1	1.4886012534331168
1	1.3412988836014534
0	0.0
1	2.5144585297464515
1	4.6343097816148395
1	1.4806117317012153
1	2.9198923812855573
1	7.714732982524708
1	6.519337736658911
0	0.0
0	0.0
1	7.3649699053604625
0	0.0
1	5.940874220277993
1	1.3080574715862334
1	1.007251065834918
0	0.0
1	5.88156823387554
1	7.503258663556329
1	1.2459878896365097
1	3.568280163430817
1	1.328340028134697
1	2.8871530464052872
1	3.650372693282484
0	0.0
0	0.0
0	0.0
1	1.4901922109619208
0	0.0
0	0.0
1	3.7400680642913455
0	0.0
1	6.610245539587257
1	2.470689436451125
0	0.0
1	1.4297912035720026
1	5.329408731979814
1	7.507088225378409
1	3.1124330353993357
0	0.0
1	1.4310444638357667
1	6.773975689935773
1	0.9816208668598384
0	0.0
0	0.0
1	2.3475526264006676
0	0.0
1	3.0795571359139693
1	0.9872118148109356
0	0.0
1	6.6015554497002
0	0.0
1	2.7050990444877483
0	0.0
1	1.3560576384948249
0	0.0
0	0.0
1	1.4514560898767384
1	7.4160344685356705
0	0.0
1	3.3398298492355654
0	0.0
1	3.3806208731354848
1	1.0477069895662137
1	1.4169825777932115
1	1.0245763220733513
0	0.0
1	6.70812566421657
1	7.081470222782671
1	3.7401496035449058
0	0.0
0	0.0
0	0.0
1	1.2516490968877187
1	1.1523984938035323
1	1.4515600792260708
1	7.644317918006691
1	3.233950342370516
0	0.0
0	0.0
1	6.485487042003164
1	2.546714210272579
1	1.2839829988753788
0	0.0
0	0.0
0	0.0
1	7.733498600416368
1	7.241787744298164
0	0.0
1	4.660196293621066
1	1.3080582021777083
1	4.90749514579886
1	1.0842831795878842
1	2.8048617727884704
0	0.0
0	0.0
1	1.170309060028199
