1	8.040189117406516
0	0.0
1	2.3285600279083765
1	1.0594704385421396
1	0.9531270295309183
0	0.0
0	0.0
0	0.0
1	1.0152372356596229
0	0.0
1	1.1017607605975241
1	7.625203512557725
1	3.381875680941732
1	7.022090822204841
1	1.46802876135123
0	0.0
1	3.279153947044371
1	3.397457257493432
0	0.0
1	4.553896969677551
1	3.597642482296596
1	5.92146637264821
1	2.5713201561153247
1	1.428161452217009
0	0.0
1	7.426846453770752
1	1.149226243990099
0	0.0
0	0.0
1	7.908315326333271
0	0.0
1	2.627847585219217
1	1.5770065805563527
1	1.3953562071862713
0	0.0
1	1.0948758802616438
0	0.0
0	0.0
0	0.0
0	0.0
1	3.68247028957721
0	0.0
1	3.701449432706835
1	4.72862879638527
1	1.2416233426236696
0	0.0
0	0.0
0	0.0
1	1.1221788300808053
1	3.1955557796112455
1	0.9179271313127783
1	3.866912354633181
0	0.0
0	0.0
0	0.0
1	3.4652698421221304
0	0.0
1	2.280736183458397
0	0.0
1	6.111301060173952
0	0.0
1	5.524365586818312
0	0.0
0	0.0
0	0.0
0	0.0
0	0.0
0	0.0
0	0.0
1	1.3777912651280029
0	0.0
1	3.631725079951206
0	0.0
1	3.911854025805138
1	2.681270072172308
1	7.718054100486152
0	0.0
1	8.51909786925083
1	1.5396934423007829
1	0.9651577744212865
0	0.0
0	0.0
1	5.126176746268162
1	2.5106369975520497
0	0.0
1	2.5718880196316514
0	0.0
1	3.948880634426279
1	3.380285207013762
0	0.0
0	0.0
1	2.9369864044997027
1	1.0493787441198448
1	6.720121180309362
1	0.9242716312624867
0	0.0
0	0.0
1	1.1325923770050006
1	2.5276951520090325
1	3.4101349299087063
