1	1.1602176384074046
1	1.190309905927775
0	0.0
1	1.0661532204237731
0	0.0
1	3.2595785095345637
0	0.0
1	1.0893847992902197
1	6.188191675151466
1	6.222488319846248
1	5.817377082235752
1	4.818127766896958
1	3.8608230525217766
1	2.3605828749016102
1	8.031275740338666
1	1.2201129442930463
1	6.43400232129469
1	5.192655363788957
1	1.270825885644379
1	1.1990359271431785
1	2.588677550349243
0	0.0
1	2.9386943137072796
1	1.564207633581101
0	0.0
1	3.0461026135061227
1	3.0829990913507523
1	1.51063443225617
1	6.7703232894978616
1	2.831291094467788
1	4.9936435493718125
1	3.4007974633637716
0	0.0
1	0.9308473576027719
1	7.857476032971795
1	0.9474266323263703
0	0.0
0	0.0
1	2.888627408612011
0	0.0
1	1.3494509721059926
1	3.540735103624674
1	1.4667581885231158
0	0.0
1	6.970018687085846
1	1.5032666558143672
1	3.502780304933563
1	2.8146745697590156
1	2.9048110377553575
1	1.0614504174677903
1	7.157167825665085
0	0.0
0	0.0
1	0.9547418318479364
0	0.0
1	2.4557086463194655
0	0.0
1	1.1983521309725607
1	5.883553501668393
1	6.023100157253782
1	1.5984899440968348
0	0.0
1	1.0778729105861968
0	0.0
0	0.0
1	3.1587744387270154
0	0.0
0	0.0
1	8.310258970649377
1	5.784203436046544
1	1.2703597401962843
0	0.0
0	0.0
1	0.9764936302894816
0	0.0
1	3.543827441039184
1	7.200124566791107
1	0.9494092374103726
1	1.2692318649905587
1	2.2875093871406884
1	3.3110794017945944
0	0.0
1	1.0423819055638117
0	0.0
1	3.0388356187708814
1	7.903941782363946
0	0.0
1	1.0413518571376603
0	0.0
1	1.5189642651434667
0	0.0
0	0.0
1	5.165757449249731
1	5.529237113157139
0	0.0
0	0.0
1	3.776890713057562
1	2.5555306270557128
0	0.0
0	0.0
