0	0.0
1	2.799729436745421
0	0.0
0	0.0
1	7.105488485628436
1	1.2038052633181844
1	1.1122830245694857
1	3.2272315714502864
1	2.808435141046302
0	0.0
1	1.0137550021196882
0	0.0
0	0.0
1	1.4644607990788172
0	0.0
0	0.0
0	0.0
0	0.0
1	2.6315996082147985
1	5.536720105693635
1	6.006891416296593
0	0.0
0	0.0
1	1.2149204684544537
1	7.150536461035188
1	2.927187665656256
0	0.0
1	7.218714532639251
1	1.5375687081191756
1	5.389590125378455
0	0.0
0	0.0
1	3.515029202640851
1	3.6139154145924204
1	2.6385013525313763
0	0.0
0	0.0
1	5.93172781217246
1	2.9609590272600466
0	0.0
1	3.5111007560720124
1	3.555911397001291
1	4.75504916285335
1	3.034035126321842
0	0.0
1	1.0169165516574534
0	0.0
0	0.0
0	0.0
1	1.3181440628448344
0	0.0
1	3.6807960554061436
0	0.0
1	2.2662650381831346
1	3.375213035896349
1	2.2532090478558784
0	0.0
0	0.0
1	6.611332929581958
0	0.0
0	0.0
1	4.584714568778782
0	0.0
1	6.494665259775572
1	1.1092008069994934
1	7.092535883064603
0	0.0
1	6.873974428612304
0	0.0
1	3.030947411593634
1	3.3652401713918536
0	0.0
0	0.0
1	2.3096552075460606
1	7.956172574293002
1	2.4825047873957615
0	0.0
0	0.0
0	0.0
0	0.0
0	0.0
0	0.0
1	2.8151958889536672
1	0.9262063863175815
1	5.30967706584687
0	0.0
1	7.2036850657951055
1	7.388618510575349
1	2.7520745470435233
1	6.2738998803410615
0	0.0
1	5.7970397395361815
1	2.847728066600637
0	0.0
1	0.9548764435692758
1	2.3127154100054983
1	7.434236326049495
0	0.0
0	0.0
0	0.0
