0	0.0
1	3.4197528093047973
1	3.065517242745136
0	0.0
1	3.5769772849522696
0	0.0
0	0.0
0	0.0
0	0.0
1	3.276508962587684
0	0.0
0	0.0
0	0.0
1	1.3995065128496629
1	1.3836764704985467
1	1.0133390676441398
1	5.798809542938668
0	0.0
1	1.3433986201260195
1	3.994545377089219
1	1.0435410631920394
1	3.807902714331023
1	7.5787127642901675
0	0.0
0	0.0
1	5.7640066582707155
0	0.0
1	2.5679430464912327
0	0.0
1	8.233001209760832
1	1.486826735845538
1	2.4011474571763998
0	0.0
0	0.0
0	0.0
1	1.1874174753932976
1	3.7335427274368906
0	0.0
0	0.0
0	0.0
0	0.0
1	3.048805894766406
0	0.0
1	2.3958630437893538
0	0.0
0	0.0
0	0.0
1	5.04731410125223
0	0.0
1	3.839813186254089
0	0.0
0	0.0
1	5.1596182104782535
1	1.1502782421218503
1	1.1131384361286722
1	0.9076021757881215
0	0.0
1	1.052591791801261
0	0.0
1	2.997371305779856
0	0.0
0	0.0
1	7.696305452129123
1	1.5044240802652498
1	0.9918984170704598
1	2.97892987532803
1	1.4772303792146495
1	2.9468895192694027
1	1.284585660651267
1	1.3854165605367363
0	0.0
0	0.0
1	3.806217985302675
0	0.0
1	3.219906196883802
1	3.155586748944803
1	2.6694108651295427
1	0.9579120459810586
0	0.0
1	8.353024220793815
1	8.1352354208123
0	0.0
1	1.4168331548874358
0	0.0
0	0.0
1	2.507296670396227
0	0.0
1	1.3051434789179934
1	7.935637611861502
1	7.698994370878242
1	6.470285214998044
1	3.1671220321728115
1	3.0976194230613294
0	0.0
0	0.0
1	3.8609666179040425
0	0.0
1	3.7467654169278397
1	1.3563144740052149
1	1.067988699138657
