0	0.0
1	2.819765163652929
0	0.0
1	4.611849936560264
1	6.046260456617722
1	6.413246127425526
1	4.7579359735736615
0	0.0
0	0.0
0	0.0
1	7.153642914970461
1	1.3563671329273221
1	3.3418350910262045
0	0.0
0	0.0
1	5.233702219500802
0	0.0
0	0.0
1	1.4977530112532569
1	7.3687227293794075
1	1.2432815494350806
1	4.983458551362028
0	0.0
1	1.4570627960693159
0	0.0
0	0.0
0	0.0
1	3.9015554129126615
1	6.198709053252556
1	7.6762698832862055
1	0.9204423114316124
0	0.0
1	0.9308457571134942
1	2.88265658450977
1	6.524925024272335
1	3.5735421296425107
0	0.0
0	0.0
0	0.0
0	0.0
0	0.0
1	1.1957341757132034
0	0.0
1	1.2808082032912549
0	0.0
1	8.3985377099495
1	1.1122526180173644
0	0.0
1	1.3540058315797228
0	0.0
0	0.0
1	6.185089183596144
1	3.379157460810103
1	3.2151802376201752
1	0.9517185418234116
0	0.0
1	3.614030582891687
1	1.2571328215810422
1	2.269024996800915
1	7.4216972991777945
1	1.3560110985588048
1	7.673193591152582
0	0.0
1	1.401176749722992
0	0.0
1	1.3599673038559712
1	1.4020330339241394
0	0.0
0	0.0
1	1.2151148818160098
0	0.0
1	3.6114706065347795
1	2.656130635444774
0	0.0
0	0.0
1	7.840943189728468
1	8.51817441923946
1	6.360352911954039
1	3.6096845556951647
1	1.0658529794504639
1	1.453811664814138
1	1.451094913926327
0	0.0
1	0.9689561461325633
0	0.0
0	0.0
0	0.0
1	1.1693387276891305
0	0.0
0	0.0
1	0.9709383129585336
0	0.0
1	1.502855742984905
1	3.5491402909880616
0	0.0
1	3.766068459452325
0	0.0
1	7.695007793377491
0	0.0
1	1.4912064582086044
