1	7.601267145631457
1	1.4872804021584751
0	0.0
0	0.0
0	0.0
0	0.0
1	3.4321292093937963
1	1.3587573541395748
1	5.103724231472201
1	1.2100081131064142
1	2.7497500806401045
0	0.0
1	1.052208658235621
1	3.9333882336365993
0	0.0
1	3.146948760201385
0	0.0
0	0.0
1	3.5081948226422326
0	0.0
1	1.01868896124811
0	0.0
1	1.4333858463154479
1	3.1374533193145817
1	7.061441633077054
1	3.2359136222329554
1	1.2200838618774403
1	3.989037178147726
0	0.0
0	0.0
1	7.514231234363746
1	5.945892334473527
1	1.3049122255701082
1	3.7424751204108486
0	0.0
1	1.346623563244235
0	0.0
0	0.0
0	0.0
0	0.0
1	3.8417375395813944
0	0.0
0	0.0
0	0.0
1	2.9901471594150375
0	0.0
1	5.562459030349888
1	3.123625317175878
0	0.0
1	5.3208222161458325
1	2.995804761721921
1	6.110635288954359
1	3.9911142176884336
0	0.0
1	1.237387699969648
1	1.2135817491657788
0	0.0
0	0.0
1	1.3155179559860781
1	0.9666331864709146
1	5.744112272902234
1	6.283001627739716
1	2.924024939112675
1	1.410035083056079
1	7.42544777116494
0	0.0
1	3.452367567713889
1	2.8921534523324928
1	5.087042923556609
1	6.770501084824343
1	2.329235384550673
1	1.5985630187407183
0	0.0
0	0.0
0	0.0
1	1.3608619084354956
0	0.0
0	0.0
1	1.4899245263456948
0	0.0
1	2.873568248115289
1	2.4291506859192795
1	1.3481060829836138
0	0.0
1	1.3204369325009555
0	0.0
1	5.905856405116465
1	7.21826006718693
0	0.0
0	0.0
0	0.0
0	0.0
1	1.049427065820933
1	2.8691649774266823
1	7.316966931474696
1	3.004438925495637
0	0.0
1	3.513266408903138
1	3.3997358547853
1	2.9837769271576797
