0	0.0
0	0.0
1	8.520161453220608
1	1.4976981704034067
0	0.0
1	2.977237992084167
0	0.0
1	1.4505155184057656
0	0.0
1	1.2185395233809495
1	7.917539458267539
1	3.829134470762234
1	7.991908738445096
1	1.0550279608572826
0	0.0
1	1.5701470313733124
0	0.0
1	3.8365183277235233
1	3.2132370447501457
1	8.21087684620882
1	5.327438889475265
1	1.317791786518765
1	2.630841944313214
0	0.0
0	0.0
1	2.4462889815907793
0	0.0
1	3.486299362743071
1	6.065696331423978
1	1.2158152175057788
0	0.0
0	0.0
0	0.0
0	0.0
1	3.387655804378551
1	1.1416628083394136
1	5.092376803552566
1	2.7363486977465707
1	3.2492470286831376
0	0.0
1	2.434073653914449
1	2.3250062989448614
0	0.0
1	3.4613073761962494
0	0.0
0	0.0
0	0.0
1	2.294311755504709
1	3.15089546145644
1	0.9869002014048879
1	1.3103414551773769
1	5.96701815519033
1	3.5950807033443692
1	6.021219582292321
1	1.033495811853161
0	0.0
0	0.0
1	5.838349681308002
0	0.0
0	0.0
1	1.361995861949215
0	0.0
1	3.593159377677163
1	7.176934707822615
1	5.6726213361305104
1	5.639446255634795
1	3.8347812102854033
0	0.0
1	1.591291797888065
0	0.0
1	1.0847172171064507
0	0.0
1	5.906120874498209
0	0.0
1	1.0531371957705709
0	0.0
1	1.1231288475862264
1	6.556983721772778
0	0.0
1	6.237962305308849
0	0.0
1	1.0425968135820165
1	2.8529849376010414
0	0.0
1	6.907795273146689
1	1.5753581863664952
1	1.1761675641044005
0	0.0
0	0.0
1	1.4574480884794947
0	0.0
1	6.923429700847171
0	0.0
1	1.0775456396653769
0	0.0
0	0.0
0	0.0
1	1.2131267593620108
1	1.0647676704798457
1	2.6663999546370714
