1	3.9691808393888426
0	0.0
1	3.6639217038079743
1	2.4592866226116628
1	1.4669150911940618
1	2.892787568654515
0	0.0
1	1.5586489895246336
1	3.4615161439216875
1	1.0805937304133146
1	1.4300837475074668
1	2.412062966701272
0	0.0
1	2.395706705987511
1	1.36298644003374
0	0.0
1	1.5298854883965296
0	0.0
1	1.1065939650921595
1	1.1808485645707418
1	0.9516224277207149
0	0.0
1	1.1258505210076257
0	0.0
1	7.565605050760531
1	6.258691430129831
1	3.068258066746449
1	2.279814575364381
1	2.6633107482602196
1	6.218672250702294
1	2.2881317550507707
1	2.9266769402194637
1	1.5666574819374626
1	1.513857907250332
1	2.685052260251356
0	0.0
1	1.277849384493818
0	0.0
1	5.476104106841239
0	0.0
1	2.4543921742059704
1	8.436777815409949
1	7.547103635783208
0	0.0
1	3.5534478051596876
0	0.0
1	3.511375127847911
0	0.0
1	7.943258955814513
0	0.0
0	0.0
1	3.9772109579074035
0	0.0
1	1.0520143231632526
1	1.4579451713934004
1	1.2373900281448225
1	0.9197135419158405
1	1.1194208153025658
1	0.963649981963472
0	0.0
1	1.451523912688181
1	1.3172890769528416
0	0.0
1	3.177764519528035
1	1.2035864450375224
0	0.0
1	1.0673430503030983
0	0.0
0	0.0
1	1.3301863005880117
1	2.45517524171831
1	6.931922189279847
0	0.0
0	0.0
0	0.0
0	0.0
0	0.0
1	3.442519098159346
1	7.091801503702707
1	7.421662467943688
1	6.24071349951097
1	5.782331255289371
1	3.6349597104714033
1	1.511500999621104
1	5.159199324677519
0	0.0
1	6.717872771623891
0	0.0
1	6.140742250266214
0	0.0
0	0.0
1	7.426535329505476
0	0.0
0	0.0
1	7.909073677179996
0	0.0
0	0.0
0	0.0
1	1.5014718406651895
1	7.4729391709195285
