0	0.0
1	3.583050101598919
1	3.950501846491273
1	3.002683094684255
1	5.027062513920655
0	0.0
0	0.0
1	3.3602602769562484
1	2.922280238075868
0	0.0
1	2.527103296351937
0	0.0
0	0.0
1	7.685649605250422
1	1.2506493116718347
1	7.602968398610212
0	0.0
0	0.0
1	5.964167306026155
1	3.785903918793176
1	1.1328665336350543
1	5.023347239680548
1	3.7506713048038005
0	0.0
1	8.229487859134156
1	3.4106954845501756
0	0.0
1	8.256874465276784
0	0.0
1	8.545742766734923
0	0.0
0	0.0
0	0.0
1	3.716575565175189
0	0.0
1	1.4539023698603333
0	0.0
0	0.0
1	7.111938094475854
0	0.0
1	3.2003761058997724
1	2.4110515906627588
0	0.0
1	7.452902863278892
1	3.1423684546281265
1	1.5376655947828088
0	0.0
0	0.0
1	3.094026789947586
1	7.529555855706338
0	0.0
0	0.0
0	0.0
0	0.0
0	0.0
1	1.4953688055562266
1	5.180189981966921
0	0.0
1	0.9396482311916018
0	0.0
1	1.5081737686923842
1	3.356940297678723
1	2.525310754296982
1	2.3209211503107325
0	0.0
1	1.344532641759404
1	6.36779589878647
1	2.255908321811237
1	2.6326077986778857
1	3.967313382791099
1	4.582777257423255
0	0.0
0	0.0
1	3.7296290878719596
1	0.9178570950964968
1	1.5574105231732585
0	0.0
0	0.0
0	0.0
0	0.0
1	2.371818414081832
1	3.062929902266827
1	2.3259520872128454
0	0.0
0	0.0
1	1.5129397766890813
1	6.117927178185678
1	1.5528132768031586
0	0.0
1	1.288100542047062
1	3.536784962827275
0	0.0
1	4.746971431419577
0	0.0
0	0.0
1	1.5547077030797145
0	0.0
0	0.0
1	3.2009018455025897
0	0.0
