0	0.0
1	1.2075556521510653
1	3.7928086008232365
1	1.2248928099602954
1	1.2527307223923936
1	3.461990277772397
1	7.677533154274758
1	2.280855295977857
0	0.0
1	7.090143055778746
0	0.0
0	0.0
1	8.329816003471597
0	0.0
1	3.2981558621339646
1	5.6447713277766995
1	8.52927874615459
1	3.5086633000310443
1	3.4226458478085227
1	3.5207533039873806
1	3.0129054511606617
1	1.4727347491436684
1	2.8506931983351724
0	0.0
1	3.862171452835225
0	0.0
1	2.2521624290235347
1	5.8735627747514005
0	0.0
1	3.7696961391867343
1	1.5148208684605673
1	6.667461308517821
0	0.0
1	1.1669116811798608
1	1.1895412922193258
0	0.0
1	1.4070601608990505
0	0.0
1	0.9743005113899089
0	0.0
1	7.833840126804672
0	0.0
1	8.33991293352261
1	1.23092562806145
0	0.0
1	7.001662514074195
1	5.2398480468472455
1	8.001848740357271
1	0.9876926792720718
1	1.207308866551109
1	3.7837137605964686
1	6.458288390617626
0	0.0
0	0.0
0	0.0
1	3.238162535106308
0	0.0
0	0.0
0	0.0
0	0.0
1	2.810840462539196
0	0.0
1	3.2374895227740224
1	1.3555935400265113
1	3.333528493701723
1	2.86031202196724
1	5.721625530993217
1	6.618053115397989
1	3.568294366856296
0	0.0
0	0.0
1	7.128633290441788
1	2.6829945181264216
1	8.1357317303052
0	0.0
1	8.035020958973805
1	1.0261670950979451
0	0.0
1	8.10634433392182
1	1.3528513869606176
1	3.7579799574395367
1	7.628821060598053
1	6.733057762121628
1	8.451426474357127
0	0.0
0	0.0
1	1.158313595958659
0	0.0
1	1.2657435373503056
1	1.167756866072612
0	0.0
1	1.3925738799831628
0	0.0
1	4.778207169828016
1	3.0151485464008037
0	0.0
1	6.024168734841993
1	5.316178648344207
1	6.546174161679686
1	3.8727927966305415
