1	5.622440964718113
1	1.500821471879405
1	3.4276676044577523
1	7.17345940624042
1	6.187549212615103
1	3.460595232608702
1	1.2968580195353905
1	3.3205832887094098
0	0.0
0	0.0
0	0.0
0	0.0
0	0.0
0	0.0
1	1.2960172530584249
1	1.5532156927536893
0	0.0
1	1.272112619297964
1	1.0331552130455322
1	2.4812987974035003
1	1.1252704328295269
1	1.4233013052650483
1	5.968850667897084
1	7.3943603290829305
1	2.3789894288580453
1	5.963441620043144
1	3.9993994732448526
0	0.0
0	0.0
1	2.742551529989222
1	7.552391880590402
0	0.0
1	6.771653928641399
1	5.537923773599058
1	7.54276697686717
1	7.794129252090182
0	0.0
0	0.0
1	5.123374617350413
1	0.914178770573421
0	0.0
1	1.0659922999839793
0	0.0
1	8.00374740239517
1	3.346612080139392
0	0.0
0	0.0
1	1.30572024150052
1	1.297971241265003
0	0.0
0	0.0
1	3.5339282623497126
1	3.1731714024633666
1	2.271595544530778
0	0.0
0	0.0
1	7.923608929715398
1	6.8978739970631455
0	0.0
1	6.802385173063465
0	0.0
1	8.317907273023307
0	0.0
1	2.257990782568845
1	6.078034075358394
1	2.534423460933621
0	0.0
0	0.0
1	3.384827354871611
1	3.5312224878180527
1	4.498690003287475
1	1.145861345792393
1	3.2246834094390375
1	1.2925210947237336
0	0.0
1	7.269004188395425
0	0.0
0	0.0
0	0.0
0	0.0
1	4.516537316778437
1	2.7521360750063515
0	0.0
1	3.248917300666113
0	0.0
0	0.0
1	3.0606668535297072
0	0.0
0	0.0
0	0.0
0	0.0
0	0.0
0	0.0
0	0.0
1	1.3576612289930061
1	3.4062377074328216
1	2.6113289570243055
0	0.0
1	6.369142891525342
1	3.25763449615603
