1	2.908856237067711
0	0.0
1	5.600008333970123
1	6.6106729773563755
1	0.9523064768380497
1	1.4473021136610833
0	0.0
0	0.0
1	1.3905260359537661
1	4.840345890420896
1	3.763854878098424
0	0.0
1	3.767488993289412
1	6.313320924133372
1	1.3372553272637613
0	0.0
1	1.1882032994866005
0	0.0
1	3.6053298020488267
1	5.665314768104417
1	1.5941464342766452
0	0.0
1	2.7572047296587487
1	2.3888599923134466
0	0.0
1	3.260818488358998
0	0.0
0	0.0
1	3.040197675097142
0	0.0
0	0.0
1	3.8341100522372167
0	0.0
0	0.0
0	0.0
0	0.0
1	2.9364690462121734
0	0.0
0	0.0
0	0.0
1	0.9959327811275256
0	0.0
0	0.0
0	0.0
0	0.0
1	5.722673569427666
1	1.2256368757306277
1	2.8237488944242006
1	0.9350491925640688
0	0.0
0	0.0
1	3.883848747011994
0	0.0
1	4.616447811454554
0	0.0
1	1.3570395435901004
0	0.0
1	4.821345452215828
1	1.5752590314148813
1	8.391626036037811
0	0.0
0	0.0
1	2.6071603358948545
1	1.40339137651887
0	0.0
0	0.0
1	1.184659863683311
0	0.0
1	1.4521671705557937
0	0.0
1	1.4688203279968333
0	0.0
1	1.1293494719257267
1	3.754528593830842
0	0.0
1	2.7116509233271073
1	3.6543977319357417
0	0.0
0	0.0
0	0.0
0	0.0
1	2.262104726330277
1	1.3883648551688226
0	0.0
0	0.0
0	0.0
1	2.432817784656724
1	1.3746446530059009
0	0.0
1	6.992643411012518
1	0.984362270609421
0	0.0
1	1.0755474634268403
1	5.313295135278296
0	0.0
1	0.9626061071824435
0	0.0
1	7.576330527400254
0	0.0
0	0.0
