1	3.232832648617024
0	0.0
0	0.0
0	0.0
1	1.0466490779373165
1	1.5746262709167311
1	4.93123604974383
1	6.535854847743528
1	1.0691876202490587
1	5.062566916843645
0	0.0
1	4.786652614738776
1	6.898825791703134
1	1.333686419064251
1	3.257031544505215
0	0.0
1	7.137693106260033
1	1.5475667300929157
1	6.8600243865999575
0	0.0
1	1.2576211125384171
0	0.0
1	1.2327779257152467
1	7.209807652758629
0	0.0
0	0.0
0	0.0
1	3.0536421135232152
1	7.1280474103833
0	0.0
1	8.295126686827421
0	0.0
0	0.0
1	5.280651526429395
0	0.0
0	0.0
1	2.7104671611381335
0	0.0
1	3.689474831073768
1	6.031014169958749
0	0.0
0	0.0
1	1.1073855331905516
1	6.751482701915315
0	0.0
1	2.3158115829716652
1	7.1677020354636785
1	3.2406145954660475
1	6.053774585437756
0	0.0
1	2.618765492178133
1	2.5017182512299434
0	0.0
1	1.1985573187020266
1	1.1715807640947258
0	0.0
1	7.8807962781939
1	4.588579343739519
0	0.0
0	0.0
0	0.0
1	3.6885727413955838
0	0.0
0	0.0
0	0.0
1	1.485066127583233
0	0.0
1	1.336428207641513
0	0.0
0	0.0
0	0.0
1	8.339074508739303
1	8.142471952161442
0	0.0
1	1.2529395558152876
0	0.0
0	0.0
1	1.0854643288911725
0	0.0
1	3.0848910081372707
1	5.111666968786383
1	3.3543261189207727
0	0.0
1	3.9861991133067574
1	1.5927577981244978
0	0.0
0	0.0
1	1.3262744224677103
1	5.088847051231746
1	3.0526965149164234
0	0.0
1	8.528522202861138
1	3.9079770307360646
0	0.0
0	0.0
0	0.0
1	6.0876249857287865
0	0.0
1	6.720249991807941
1	1.182853280297087
