0	0.0
0	0.0
1	3.0027172088718936
1	3.6525618380535096
1	5.027659819370423
1	3.8445779523953583
1	6.531766299804021
0	0.0
1	2.889429611961812
0	0.0
1	5.792033268138549
0	0.0
0	0.0
0	0.0
0	0.0
1	2.9878982237497813
0	0.0
1	1.1366488405663595
1	1.4155670493856713
0	0.0
0	0.0
1	8.235882964334257
1	5.31860291782203
0	0.0
0	0.0
1	1.397881436731276
1	3.6180089966376143
1	3.178807881153258
0	0.0
0	0.0
1	4.700485920150431
1	1.0122477965886523
1	3.890030907405728
1	5.750273437035172
1	5.889730559572041
0	0.0
1	3.209438172591189
1	2.3606320643050136
0	0.0
1	0.9549577476174834
1	3.7597326283163834
1	3.830288603884458
1	4.573683373218026
1	2.925897153927143
1	2.992801453550056
1	6.438474694850491
1	1.3184529976307027
1	7.524002949122162
1	3.8807148115257335
1	3.7085082181182587
0	0.0
0	0.0
0	0.0
1	1.0026133539626874
0	0.0
0	0.0
1	4.833203269111966
1	1.3461726062214683
1	6.628305762459808
1	4.686354239716698
0	0.0
1	5.2154429714490975
0	0.0
0	0.0
1	1.5528365509681148
1	8.562308182492249
1	3.3924563623543116
0	0.0
0	0.0
1	7.215414294371142
0	0.0
1	7.573416967969836
1	1.5239294706975062
0	0.0
1	3.80028499820121
1	0.9541747366080581
1	3.362812968451197
0	0.0
1	3.2058749084723037
0	0.0
0	0.0
1	7.139778584075205
1	6.739149042531827
0	0.0
0	0.0
0	0.0
1	1.2774041640507745
1	8.458322714322726
1	1.0995069861406113
0	0.0
1	7.350826537877924
1	2.675595233081871
0	0.0
0	0.0
1	1.5297019346331742
1	6.0022649812910185
1	8.112026289612697
1	1.264765704099915
1	5.400598989623797
0	0.0
