1	8.29061641044752
0	0.0
1	5.544222108803718
1	3.529220799936271
0	0.0
1	1.5730362672246532
1	1.266440061244431
1	2.6548526698442014
1	1.0570023757622655
1	6.5513419863066575
0	0.0
0	0.0
1	4.750476477305754
1	1.2253680937744011
1	5.636924857344408
0	0.0
1	1.3987795872460467
0	0.0
1	1.2892461320782855
1	0.9235545074652168
1	1.4944873125593627
1	3.529437806527603
1	1.1351673096920656
1	3.675319141200346
1	5.655613519064338
1	2.7866748534111694
1	7.643603181236743
0	0.0
0	0.0
0	0.0
1	1.054309949890162
0	0.0
0	0.0
1	1.1064790899944223
0	0.0
1	3.5127951647401154
1	2.5125810308734984
1	2.5285427389214536
1	4.561463912914699
1	1.351058574884707
1	3.5427311855123427
0	0.0
0	0.0
1	6.073401955073502
1	3.563989264149394
0	0.0
0	0.0
1	2.998716426501279
1	6.5731827814015285
1	7.9653600174171295
1	2.99111643758793
1	1.3762137040899356
0	0.0
0	0.0
1	7.775020279882772
0	0.0
1	1.3439836450427558
1	5.3018797822194585
1	5.051259931365268
1	5.957988797462403
1	5.606176473392459
1	3.5852462516240955
0	0.0
1	7.977972900011284
1	5.7781910174829205
1	6.942061253888245
0	0.0
1	1.3132945787188683
0	0.0
1	3.776358727659359
1	3.652621081128074
0	0.0
0	0.0
0	0.0
1	3.670954869492564
1	1.5864324724076058
1	1.5202515146985878
0	0.0
1	1.3267418765559036
0	0.0
1	1.5669025668056964
0	0.0
1	4.761723255579948
1	2.8594617195623897
1	1.1390583412579245
1	1.0750592204115044
0	0.0
1	3.8011078677019525
1	3.1238740879468625
0	0.0
1	3.8611160546432908
0	0.0
1	3.389490568433598
1	4.827563336389237
1	3.4431454518034443
0	0.0
0	0.0
1	1.060058843776169
1	7.526178559297021
1	3.552780166832503
