0	0.0
1	3.5084199879208002
1	5.254230532752835
1	5.200513957045271
0	0.0
1	7.353395301952251
1	8.513841139745796
1	3.7286216532046517
0	0.0
0	0.0
0	0.0
0	0.0
0	0.0
1	2.4366832364409836
0	0.0
0	0.0
0	0.0
1	0.9307972250808347
1	1.348880333352183
1	1.5407461971742116
0	0.0
1	3.9529349273008845
0	0.0
0	0.0
1	3.346848209137243
1	7.262992160394137
0	0.0
1	6.190493815017368
0	0.0
1	3.244890001137488
0	0.0
0	0.0
1	1.1735647612734867
1	4.690491519446345
1	3.3528670834547416
0	0.0
0	0.0
1	1.1310464196172374
1	1.2063710482768202
0	0.0
0	0.0
0	0.0
1	8.28519652112185
0	0.0
0	0.0
1	5.726211758279725
0	0.0
0	0.0
1	1.0821664767470263
0	0.0
0	0.0
0	0.0
1	8.336736240895382
1	2.4771919288999205
1	1.1088549431229011
1	3.3036010137881027
1	8.428456149900287
0	0.0
1	3.350968889940969
1	0.9409262556976318
0	0.0
1	3.1047403900747965
0	0.0
1	1.5402322536747728
0	0.0
0	0.0
0	0.0
0	0.0
0	0.0
0	0.0
1	8.499388958664802
1	1.4613937636387342
1	1.2619395189708063
1	4.831637175712706
1	1.413033356375884
0	0.0
1	5.977524802446953
0	0.0
0	0.0
1	2.7062433974416455
1	1.4582357668158972
1	1.497388004620944
1	3.950612796253515
0	0.0
1	3.481037392054396
1	1.4772212279349581
1	1.2954415987925274
1	7.393324983924388
1	7.287714252161764
1	4.686714962512668
1	3.286213448365744
1	1.5671554880181033
1	7.402389596155947
0	0.0
0	0.0
1	7.86693476300297
1	7.51929685863965
0	0.0
1	3.104892685976862
1	3.759740682812063
