1	3.7726263382601184
0	0.0
1	2.314868513859095
1	2.7240241467946418
1	2.8843170841173595
1	1.561608638994569
0	0.0
1	2.8254731718810318
0	0.0
1	3.269139470223186
0	0.0
1	3.6479969532375427
1	2.6457961118743123
1	1.5183764315012205
0	0.0
1	0.9467430508456907
0	0.0
1	1.45063878061615
1	1.062304739919447
1	1.5576438486826012
1	2.667184245993196
0	0.0
1	1.0634851847814635
0	0.0
1	7.2377433010432926
0	0.0
1	2.5085489185903813
1	1.0143976633752616
1	5.3881580371872575
0	0.0
0	0.0
1	7.850180767204029
0	0.0
1	4.787271989846434
0	0.0
0	0.0
1	2.3008332116306995
1	0.9753126307848871
0	0.0
0	0.0
1	7.687717499102706
1	8.380310384115884
1	5.656725832900302
1	5.579932446780876
1	1.5295081761566407
0	0.0
1	3.3088846262025617
0	0.0
1	1.2352625147777494
1	7.522475514660293
1	5.748030124899586
1	1.420528786486548
0	0.0
1	2.7971890915428648
1	1.500240194674173
0	0.0
1	6.476396367912502
1	5.126855521481973
1	3.3850779135859774
0	0.0
1	5.314826130014065
1	2.5739848213801517
0	0.0
1	2.58861068908114
1	1.4020916034378144
1	1.0258337699208617
1	3.7600314761539892
1	3.747051032437828
0	0.0
1	5.37537383913828
1	3.003371301482797
1	1.5753012049126802
1	1.1051062433994305
0	0.0
1	1.5360606425370182
0	0.0
1	2.381155302689229
1	3.1094108640788467
1	1.2728258139465183
1	1.5765614952226912
1	1.1730843064988645
1	4.843152687809124
1	3.091568865963832
0	0.0
1	1.3155073971152116
0	0.0
1	1.2700111935025666
1	2.6265439404700643
0	0.0
1	0.9503934395265683
1	2.3456433157292653
1	2.6048643060532672
0	0.0
1	8.227357547456393
1	4.549979048417911
0	0.0
0	0.0
0	0.0
0	0.0
1	1.2453418879346305
