1	1.4694732152731582
1	1.5788575540736347
0	0.0
1	1.4420539070586327
1	3.1306953927191943
0	0.0
1	1.240570849736534
1	2.888192574920843
0	0.0
0	0.0
1	1.4708516110380851
1	2.508671638335471
1	1.5417051980814769
1	1.0208367684640998
1	3.8749772568515284
1	1.4113110134473938
0	0.0
0	0.0
1	3.94399669919279
0	0.0
1	2.9276282050561115
1	6.81118908108811
0	0.0
1	1.1445649131576425
0	0.0
0	0.0
1	7.336606054535605
1	4.559705220337278
0	0.0
1	0.9173091419666549
1	1.3464405462057258
0	0.0
1	5.353854968415439
1	3.5898378432592644
0	0.0
0	0.0
1	5.5529060699404305
1	4.519045239706269
1	2.735759768000008
0	0.0
1	0.9146734066677128
0	0.0
0	0.0
0	0.0
0	0.0
1	8.00355071578015
0	0.0
1	3.513178134235277
0	0.0
0	0.0
0	0.0
0	0.0
1	3.9253017332412825
1	3.025820077559271
0	0.0
1	3.2454898119826865
1	6.9936560391031914
0	0.0
0	0.0
1	0.9625655109292974
0	0.0
1	5.909621260571693
0	0.0
0	0.0
1	2.30540074274939
0	0.0
1	1.5072041935792564
1	1.4434117071173609
0	0.0
1	8.199820176556416
1	3.4861061944471636
0	0.0
0	0.0
1	0.9915039735420107
1	1.198920961488257
0	0.0
1	3.295190924130604
0	0.0
1	3.5416470715577666
1	3.8129365246408917
1	2.3073575712823184
1	6.7031381437499995
0	0.0
0	0.0
1	2.7329062933907005
0	0.0
1	3.4190626940913873
0	0.0
1	2.885511211331168
1	0.9725524531265836
0	0.0
0	0.0
0	0.0
0	0.0
1	1.006954676851083
1	2.34545874812071
1	6.716688376911556
0	0.0
1	1.5986784859307068
1	7.811124099793279
