1	8.007207497057658
1	6.490004020471224
1	6.153112035703769
1	5.4501235837873026
0	0.0
1	4.6703274026863255
0	0.0
1	5.255573681434828
1	3.180602373950901
1	2.6712684096915216
1	7.773765975474342
0	0.0
1	1.1328070964834698
1	4.7439376191927956
1	1.4359595522028643
1	0.9774988650785394
0	0.0
1	2.372436796664896
1	2.5443588844466527
1	3.030431968232945
0	0.0
1	7.2105560865927485
1	0.9124843852789649
1	1.1161838305001202
0	0.0
1	3.8527232546791197
1	1.4194808889326205
1	1.2807054651161418
0	0.0
0	0.0
1	1.2692970383990243
1	1.2359621537744552
0	0.0
0	0.0
1	3.0725269274787785
1	3.28724250522292
0	0.0
1	5.684947681608981
1	2.79696874837975
1	1.2413070681860643
1	4.5547360486046715
1	1.5842099635854097
0	0.0
1	1.0965355224286433
1	5.653497799603492
1	6.876010238634499
1	2.7840194526478665
1	4.936038601427424
1	2.914645205390842
0	0.0
1	1.5368100879852284
1	3.535765405716621
1	4.7906724073536235
1	3.608269259111762
1	6.190730611229882
0	0.0
0	0.0
1	2.8126426402780935
0	0.0
0	0.0
1	3.7838585750564118
0	0.0
0	0.0
1	7.638652010002716
1	2.3403126404773418
1	5.877569446010933
0	0.0
1	6.788594467978349
1	1.2804686522673778
1	1.0562170335106666
1	3.515603539871593
0	0.0
1	0.9838043373030203
1	5.045900092441661
1	8.390281670455932
0	0.0
0	0.0
1	1.556866613155362
1	0.9655925594805337
0	0.0
0	0.0
1	7.9143961750736
0	0.0
0	0.0
0	0.0
1	2.4109054758433555
1	2.8486306686896383
1	5.635355754883609
1	5.879381255065995
1	1.2644049328319662
1	4.5265700810932215
0	0.0
1	2.496528646867915
0	0.0
0	0.0
1	1.1513395773288706
1	3.7555367370821306
1	0.961783795000606
0	0.0
0	0.0
