0	0.0
0	0.0
1	2.9512399159993055
1	3.7663012233885147
1	5.599701603050133
1	1.4691979115854337
1	1.0192961880100575
1	1.1697530734591344
0	0.0
1	2.7206629361508043
1	7.4326341845162425
1	4.6764944752770585
1	0.9099624645417483
1	2.5319720774119983
0	0.0
1	1.5454660235895226
1	0.9253249712870635
1	0.9644011102256731
1	1.515114446620419
1	1.0606618354965942
1	1.0860892007447431
1	5.904215968272823
1	1.033681831322388
1	1.3681226966485096
1	5.096366765285573
1	1.205589687312922
1	3.7802128673338196
1	5.598002851209487
1	4.664416918968339
0	0.0
1	4.595103808764631
1	0.9634990455743407
1	1.0060764942762166
0	0.0
0	0.0
1	1.2789036310587663
1	1.0009648606603323
1	7.830059512255399
1	7.774687551556084
1	2.8027678619486514
1	2.421678943380471
0	0.0
1	1.5689898438884673
0	0.0
0	0.0
1	6.377684088660727
0	0.0
1	1.3340747047041503
0	0.0
1	3.6972703342210282
1	1.2800966205928694
0	0.0
1	8.566199864889164
1	3.8614157986910773
0	0.0
0	0.0
0	0.0
0	0.0
1	1.2969508180506173
0	0.0
0	0.0
1	7.304736775920022
0	0.0
0	0.0
1	2.7132672705418313
1	3.351669636356079
1	3.35889696463334
1	4.726945327460451
0	0.0
1	2.678246355072406
1	1.5796878488470774
0	0.0
0	0.0
0	0.0
1	1.1288565549651524
1	8.318520554011762
0	0.0
0	0.0
0	0.0
1	1.5294160696532684
0	0.0
0	0.0
0	0.0
1	3.3667096121755473
0	0.0
0	0.0
1	7.390814031733515
0	0.0
0	0.0
1	3.2438357034688643
1	5.878558793315686
1	2.8194482499763023
1	3.259288990504208
1	3.088382599047556
0	0.0
1	1.39707561289813
1	2.7535390757651474
1	1.4047660749356465
0	0.0
0	0.0
