1	3.2379754384105297
0	0.0
0	0.0
1	1.3351659002146068
1	3.449848288334571
1	1.4197047033548498
0	0.0
0	0.0
1	2.92293702989927
1	6.645254453583044
0	0.0
1	2.294181533967584
0	0.0
0	0.0
1	2.9815983187577584
1	2.6541488794890613
1	1.3556353104560577
1	1.539394104155162
1	0.9883891818586243
0	0.0
0	0.0
1	3.130612456647586
0	0.0
1	6.315172030878019
1	3.4390521343071234
0	0.0
1	8.071102715960256
1	6.048947581281234
1	1.0838725508593932
1	1.2632849527276604
1	1.3661771137951524
0	0.0
0	0.0
1	2.5492600922795425
1	7.0877564342013315
1	2.6842580479055047
1	3.0063866690132763
1	8.178622464472554
0	0.0
0	0.0
0	0.0
1	1.390226007733343
1	8.425818884463016
1	3.502696573994341
0	0.0
1	7.649106139130892
1	7.4722398123010505
1	5.203317216285051
0	0.0
1	1.2898565549761583
0	0.0
0	0.0
1	7.959217003851059
1	2.752154455455033
0	0.0
1	2.90343185331408
0	0.0
0	0.0
0	0.0
1	2.945071624885474
0	0.0
1	2.9963801111573494
1	6.804084876298569
1	2.7106556534309654
0	0.0
1	3.897135835838536
0	0.0
0	0.0
0	0.0
1	2.717642266246918
0	0.0
1	3.6462927847510267
1	3.963116344228735
0	0.0
0	0.0
1	7.454468720032007
0	0.0
0	0.0
1	0.9332590645966515
1	1.0318061784702892
1	7.869829007875325
1	3.424035340294877
0	0.0
0	0.0
1	0.9468445509216847
1	3.5195405875347814
0	0.0
0	0.0
0	0.0
0	0.0
0	0.0
1	2.842326563475512
1	1.248696571249635
0	0.0
1	7.329622748028455
0	0.0
0	0.0
0	0.0
1	3.627548126753257
1	2.367199224708258
