1	1.185787365845091
1	3.110253196643657
0	0.0
1	6.215075081165703
1	1.2092138515371103
1	4.655362692231792
1	2.556122461548898
1	1.2095031360596145
0	0.0
1	3.4023274923512985
0	0.0
0	0.0
0	0.0
0	0.0
1	2.8482562722059463
1	3.449569314222283
1	7.349151653628677
0	0.0
0	0.0
1	1.4623034560783
0	0.0
0	0.0
1	8.266973453956856
1	2.6555613189446388
1	0.9821436613958962
1	4.663333938672521
1	2.5932255569471283
1	7.395712756025333
0	0.0
0	0.0
1	5.994834417419183
1	5.634133025419862
0	0.0
1	5.672442396052356
0	0.0
0	0.0
1	7.516725686738904
1	7.136202283650211
1	7.280266672854973
1	6.37972337334094
1	1.4777982139241574
1	2.4722707203582535
0	0.0
1	1.2583289218593583
1	1.5526145276733723
1	1.4904865345639795
1	1.073023841150796
1	1.310327438345713
1	3.4442628081553748
1	2.9711403754051906
0	0.0
1	3.0217646035756984
1	6.570585918002516
1	1.5298966513048016
1	3.8330455735069746
1	3.263643890262924
0	0.0
1	3.1730474063717153
1	5.018877589479356
0	0.0
1	5.0518854400331525
1	2.8212874971172464
0	0.0
1	6.131162094789694
1	6.181535768584854
1	1.1094649779646741
1	0.9408547771846587
1	3.425816503899316
1	8.06361604097888
0	0.0
0	0.0
0	0.0
0	0.0
1	2.6899119603661106
1	1.4649173940530722
0	0.0
1	2.658317948316605
0	0.0
0	0.0
0	0.0
1	3.6592682305284843
0	0.0
1	8.295919094517414
1	2.572572171099473
0	0.0
1	1.5678969510361296
1	3.2357414766184696
0	0.0
0	0.0
1	3.6813460789674863
1	1.3239139655133951
1	2.899061435118489
0	0.0
0	0.0
1	3.4178191678700687
1	3.510313192042833
0	0.0
0	0.0
1	1.3323344882733128
1	2.3608882839582583
