1	5.0118775705597525
1	6.420806407053566
1	8.440298868580028
0	0.0
1	1.094562954664236
1	7.896539305311106
0	0.0
1	4.565013930226065
1	4.56029286946999
1	1.027769859927679
1	5.1413578167129
0	0.0
1	0.9316119286835388
1	3.349655331528058
0	0.0
1	8.375178032361141
0	0.0
1	3.0318988799294155
0	0.0
0	0.0
0	0.0
0	0.0
1	6.929473479834787
1	8.022032323667595
0	0.0
1	7.349877343459593
1	3.739775754066883
0	0.0
0	0.0
0	0.0
0	0.0
0	0.0
0	0.0
1	5.291576533285775
0	0.0
1	3.6875592005332942
0	0.0
0	0.0
1	7.911168723772388
1	3.8632390556841556
1	5.313490944571024
0	0.0
1	1.1890244626737152
0	0.0
0	0.0
1	3.3840510724273605
1	2.9393187760304373
0	0.0
1	0.999938290211183
0	0.0
1	1.5228449812613367
1	0.9165872296152322
1	2.317229653655248
0	0.0
1	3.476418437111823
1	1.1571328322901548
1	5.308847357529874
0	0.0
0	0.0
1	2.5989162616439616
0	0.0
1	2.4533565288608687
0	0.0
1	5.887881089148904
1	7.225657910400432
1	3.300660582371319
1	1.374349134726974
0	0.0
0	0.0
0	0.0
1	1.5414033209448479
0	0.0
0	0.0
0	0.0
1	7.400045285177562
0	0.0
0	0.0
0	0.0
0	0.0
1	6.4655986689859075
1	5.131364648300321
1	2.9712115227720304
1	2.3003898244639784
0	0.0
1	6.148079716967726
1	8.209399088197715
1	3.71598109129825
0	0.0
1	7.4040018153518306
1	1.0658126158049879
0	0.0
0	0.0
1	6.767572106839455
0	0.0
1	3.034304961288072
1	6.087430107629015
1	1.2691204304201507
1	8.549908935571715
0	0.0
1	5.2227252842073835
