0	0.0
1	3.615996101651586
1	1.2151238962106876
1	2.4545720552294954
1	1.3777474015522677
1	6.634874055120414
1	0.9124342182129324
1	2.3423453261610416
1	7.235349295336597
1	1.2899926496722829
1	1.4037895223995203
1	7.00362044154158
1	3.9779968744076033
1	3.0982954618327194
1	8.365832727981267
1	7.595653127585473
1	2.8022713920331164
1	4.847323453930156
1	1.5828209534207907
1	3.025343581897625
0	0.0
0	0.0
1	5.326787010153919
1	2.716338789995047
1	1.4156446722278297
1	5.27544589325199
1	6.587944202236432
1	2.5821628650464015
1	3.4800944446343074
1	6.473127862353171
0	0.0
0	0.0
1	1.4153387865233498
1	4.629871742913427
1	1.1474175304922754
0	0.0
0	0.0
1	0.957584858837741
1	1.2159832758210518
1	1.251450464788162
1	6.610137794405395
1	7.644737203989523
0	0.0
1	2.9288335116982847
1	3.2900845602748863
0	0.0
1	1.3541585400486613
1	7.233843799703856
1	3.1378095384417275
0	0.0
1	3.3073837118359775
1	3.1678336560235736
1	3.8397005983238275
0	0.0
0	0.0
1	0.9820437020834075
1	3.8933372005525704
0	0.0
1	1.2869470848402522
1	6.480022106218162
0	0.0
1	1.1964172903643324
0	0.0
1	1.5733576185143292
1	8.327546146564858
0	0.0
1	3.1111885364521616
1	0.9284614103345044
0	0.0
0	0.0
1	3.136587294159726
1	1.5838008835300537
0	0.0
1	4.609264114724029
0	0.0
1	1.3800620417366711
0	0.0
1	3.8099949133361357
1	3.840376870712222
1	3.11538837149961
0	0.0
0	0.0
0	0.0
0	0.0
1	8.414660933146811
1	7.319894653118673
1	1.1361832659029432
1	2.9649456937098093
1	6.831019576807532
1	3.511573070640474
0	0.0
0	0.0
0	0.0
0	0.0
1	1.42546145279413
0	0.0
1	7.929896075212946
1	1.5341387772721213
0	0.0
0	0.0
