0	0.0
0	0.0
1	1.3252447136713563
1	2.604369736412635
1	6.654475831379463
1	2.2867435755408216
1	1.5944770514549265
1	3.80451087828868
1	3.5689778264270657
0	0.0
0	0.0
1	8.57513500666845
1	3.6821332901291695
0	0.0
0	0.0
1	2.9538613788052186
0	0.0
1	1.1726840216284593
0	0.0
1	2.971173663793348
0	0.0
1	3.6796290070079523
1	6.173254701356593
0	0.0
1	0.9270802000329111
0	0.0
0	0.0
1	3.9720455398243173
0	0.0
1	1.2295913305784016
1	0.9085036720760907
1	5.738990626980577
1	7.978179699882052
1	3.781401082897818
0	0.0
1	4.989352649739466
0	0.0
1	1.3861216717055567
1	3.244487703701683
1	2.3162492440797857
1	8.43731017111289
1	2.746300836678378
1	2.35213565357133
1	0.921742392342527
1	7.308675523964305
0	0.0
1	8.368749694731372
1	0.9654375704556174
0	0.0
1	0.9608292518958511
1	1.3448451741352403
1	1.5479743670444752
1	1.5143434637358597
1	0.9906282734608011
0	0.0
1	8.030625945619736
1	8.009418098154674
1	2.8040506366407323
0	0.0
0	0.0
0	0.0
1	3.4488189575675627
1	2.554170100228935
0	0.0
1	3.470599004968499
1	1.1353413786799305
0	0.0
1	5.677844459959112
1	5.951057014400313
0	0.0
0	0.0
1	2.7778224176885127
0	0.0
1	0.9310362797445347
1	6.558936887457992
1	6.191432414229874
1	3.7188254479254095
1	5.0896720939641895
0	0.0
0	0.0
0	0.0
0	0.0
0	0.0
0	0.0
0	0.0
0	0.0
1	2.6036799655197576
0	0.0
1	3.398074134589911
1	1.4719684030775158
0	0.0
0	0.0
1	1.3851677185945799
0	0.0
1	6.20527757390152
1	7.677066600629557
1	5.556411138914036
0	0.0
1	3.3768075761439924
0	0.0
