0	0.0
1	6.992996537082468
1	5.451838155326492
1	5.220398701488317
1	3.333653564268796
1	1.0247984683709008
1	1.3911461198988677
1	7.862544150689998
1	1.337879797340447
0	0.0
1	5.983108265243022
0	0.0
0	0.0
1	7.286799094385203
1	1.027479084197918
0	0.0
1	2.2969097007298305
0	0.0
0	0.0
1	1.1244165339465906
0	0.0
0	0.0
1	1.1745276961720976
0	0.0
1	1.5401793968505118
0	0.0
1	2.416765060807588
0	0.0
0	0.0
0	0.0
1	8.597238077839341
1	2.3760956365935315
0	0.0
0	0.0
1	3.114365603579637
1	6.75045060438841
0	0.0
0	0.0
0	0.0
1	2.728702873095529
1	3.614608959173218
0	0.0
0	0.0
0	0.0
1	2.466990422537671
1	3.515773241461492
1	1.5186312666825001
0	0.0
0	0.0
0	0.0
0	0.0
0	0.0
1	1.0215176835925965
0	0.0
1	5.5080557094557285
1	1.4564870809476993
0	0.0
0	0.0
1	1.5174682548049043
0	0.0
0	0.0
1	1.5865458656605047
1	1.2226795258643488
0	0.0
1	2.4830774624455856
0	0.0
0	0.0
0	0.0
0	0.0
1	4.4975726294567195
1	7.202591082415556
1	1.4806808224746626
0	0.0
0	0.0
1	3.3906146654908054
1	2.665716449482496
1	3.1623774718674444
1	2.4731637588020052
0	0.0
1	4.724991594209281
0	0.0
1	3.76351546677866
1	0.9524273572814854
1	6.23639051412458
0	0.0
0	0.0
0	0.0
1	3.9102292191314603
1	1.011582640993004
0	0.0
0	0.0
1	3.2245708406376945
1	8.022978698533695
1	6.657089202290001
0	0.0
1	1.4134019588225337
1	7.744811477036969
1	2.9226994731515026
1	6.324013420381191
1	2.575495382419631
