0	0.0
1	3.4690008281913505
0	0.0
1	1.0774538432517575
0	0.0
0	0.0
1	3.672249219215323
1	6.756904902869783
0	0.0
1	3.666761056391456
0	0.0
1	0.9627618048455775
1	8.491892348393275
0	0.0
0	0.0
1	1.4718854413969944
0	0.0
1	7.197386475666754
1	6.792515023128813
1	1.4227791520546487
1	6.504097216085257
1	2.961331410323318
1	2.8839071399981364
0	0.0
1	0.9675317214905224
1	3.9070534548054336
1	1.5043434428857982
0	0.0
0	0.0
1	2.4876825611322007
1	5.763945040809431
0	0.0
1	8.587308985699204
1	3.7348171370936143
0	0.0
0	0.0
1	1.0587675294786878
0	0.0
1	2.73879717204459
1	1.0224504161366594
0	0.0
1	1.300093242911815
1	1.2759675863440085
1	3.567614695218386
0	0.0
0	0.0
0	0.0
1	5.905974418432242
0	0.0
1	6.431028198728897
1	1.2719038325257404
0	0.0
0	0.0
1	1.14423390760042
1	0.9332006063020496
1	5.827943333537483
1	5.609521230956945
0	0.0
1	1.4800063678991022
0	0.0
0	0.0
1	3.1936388434203353
1	1.3269477714707985
1	1.2661401429517136
0	0.0
0	0.0
1	2.9980481935496286
0	0.0
1	1.2132217317339296
1	1.018205298876671
1	3.5350008232515164
1	1.2395986933400942
1	1.0647889916120463
0	0.0
0	0.0
0	0.0
1	3.0887432691077366
1	4.8605643636458735
1	2.55275064086727
1	6.634434088573318
1	2.423536358110003
0	0.0
0	0.0
1	6.737407627046887
1	1.4601232460166038
1	2.549001799377132
1	7.645341618443379
1	2.4553347976554396
0	0.0
1	1.5604584082708342
0	0.0
1	1.2675383999572598
0	0.0
0	0.0
0	0.0
0	0.0
0	0.0
0	0.0
0	0.0
0	0.0
