0	0.0
1	7.716574481051109
1	3.9092318625552096
0	0.0
1	8.012938194158437
1	2.320624074543576
1	2.438185799964541
0	0.0
1	3.2092599297356847
0	0.0
1	1.389254360781599
0	0.0
1	3.496002793174628
1	3.0323382496162554
0	0.0
1	1.4666813877981428
1	3.3344582922288395
1	3.327566718798923
1	6.487564847096196
1	3.2330275759594356
1	1.380500670875763
0	0.0
1	3.32560926715165
1	5.186011347248128
0	0.0
0	0.0
1	1.0382859613298816
1	5.169061198730957
1	2.7002697345265005
1	1.0138526899157756
0	0.0
0	0.0
1	5.406942087504811
1	6.998790561076231
1	1.214681383443604
1	3.645990646739441
1	4.53340810129746
0	0.0
1	5.29720890295165
1	5.599295872273879
1	1.3731219818896694
1	2.6328153441875317
1	3.773179130223665
0	0.0
1	7.434487887634643
1	3.252773080950583
0	0.0
1	7.697028841874955
1	6.563900701945164
0	0.0
0	0.0
1	5.7107141967045125
1	1.562945455936684
1	1.0545412915353374
0	0.0
1	3.299237506016066
1	3.3571030037824303
0	0.0
1	5.501717811056054
1	1.2949928801948558
1	1.3702159151542612
1	1.2517593842390347
0	0.0
0	0.0
1	2.680088291250892
1	3.42355370302414
1	2.4748405342702435
1	5.031252913975848
1	1.0893443211972502
1	8.080682794478681
1	5.637684344285021
1	5.830516546751716
1	4.610610889094304
0	0.0
1	2.2852581718781457
1	3.8522162089136485
1	1.4556356487391606
1	2.801504065178706
1	1.2628844421906886
1	5.9787842264926985
0	0.0
1	0.9957326510410299
0	0.0
1	2.762998355670033
0	0.0
1	3.0604988344706388
0	0.0
1	1.5466254782324014
1	1.1081972595442147
0	0.0
0	0.0
1	0.9076783666645326
1	1.1994457201951199
1	1.5572979455807046
1	8.551757775900443
1	8.047190586986224
1	5.172858264997133
1	1.4167219054669222
1	3.2929369722117223
1	4.854202339845178
