1	0.9980206165655574
0	0.0
1	1.0163324699236576
1	8.311977976898831
1	3.155328476799304
0	0.0
1	5.636398692920268
1	1.274713607918187
1	5.550971920600659
1	1.0133005280560352
0	0.0
0	0.0
1	1.4125885977583392
1	6.2964531275124145
1	6.09997087375368
1	3.2340477122286218
1	1.2228812566015432
1	1.4407897752515129
1	1.0873172470473178
1	1.4301611370962708
1	1.1478333991080532
1	1.3784394686124082
0	0.0
0	0.0
1	3.1403291279537235
1	1.0674352526905482
0	0.0
0	0.0
1	2.8222236146994373
1	1.470553355704575
1	1.3517047522126404
0	0.0
0	0.0
1	1.361775771993865
1	3.388078155839906
0	0.0
1	4.907040278240488
0	0.0
1	2.554569954861149
1	7.910252307730962
1	5.015719032989353
1	1.2085558451164116
0	0.0
0	0.0
1	1.3599962146810478
1	3.3783133781527503
1	6.420569721468314
1	3.4090622489424134
0	0.0
0	0.0
0	0.0
1	7.063137467243897
1	1.3034530167996752
1	2.9018546739844617
0	0.0
0	0.0
1	1.5482254695264044
0	0.0
1	1.5813322862852273
1	6.370221595836969
0	0.0
1	2.6265751792149556
1	3.23963015050278
1	1.386262567223831
1	7.116883186982297
1	2.9659552406981162
1	1.417038479663336
0	0.0
1	3.226157317842695
1	1.0582978792577034
1	3.9189563738689412
1	1.4392819656830715
1	3.0820141917704222
0	0.0
0	0.0
0	0.0
1	2.298652984191677
0	0.0
1	1.2631660025566185
1	7.224731255084377
1	1.07178668682936
1	1.0283419784278534
0	0.0
0	0.0
0	0.0
1	1.0118575399982657
0	0.0
1	5.310652995507639
1	1.374266902830822
1	6.3277198271247235
1	0.9624750896612312
0	0.0
1	3.4163068249921813
0	0.0
0	0.0
1	2.2551774493844943
0	0.0
1	7.433066463911555
0	0.0
1	1.514792760382155
