0	0.0
0	0.0
1	8.18483476533612
1	7.544313448837957
0	0.0
1	1.459318511452409
0	0.0
0	0.0
1	2.7437744279104384
1	5.909148561822551
1	6.013507198836067
1	2.3257422266970638
1	1.4671981332434094
1	5.894207880571419
0	0.0
0	0.0
1	1.216856107773821
1	5.706879656655619
0	0.0
1	3.2259139975924858
0	0.0
1	6.571267538741915
1	7.213407719767523
0	0.0
1	2.326729129929856
1	4.9513185312799
0	0.0
0	0.0
1	7.001162238353441
0	0.0
0	0.0
1	3.936057363672402
1	5.284028110014352
1	1.345235588756792
1	2.559386568511496
1	1.0513944196868361
1	5.839320910753077
1	8.521371822252211
0	0.0
1	2.6786966583606575
1	3.6650359913929806
1	3.88284635708819
1	2.96209481981942
1	7.910864882628891
1	5.65027699170989
1	2.3271770608252167
0	0.0
0	0.0
1	3.303629252141779
1	1.2994759551013852
0	0.0
1	1.4302117659878024
0	0.0
0	0.0
1	8.29066041797256
1	6.912301522694235
1	1.5816360392953714
0	0.0
1	7.403599029184711
0	0.0
1	3.154503910522792
0	0.0
1	1.467159107939497
1	2.5307243619575295
0	0.0
1	1.0419606984325127
1	7.0042909197107
1	1.2043276799676663
1	1.4158434013414114
1	2.625271825876561
1	1.1465888697836797
0	0.0
1	3.4379514022063575
0	0.0
0	0.0
0	0.0
0	0.0
1	2.781912832066204
1	2.9052959460711567
0	0.0
1	6.312986652796865
1	6.223607406956609
0	0.0
1	3.5657950548118973
0	0.0
0	0.0
1	2.499865954910602
1	1.2680603084534137
0	0.0
1	1.3864604519441284
1	1.264326618300796
0	0.0
1	7.472950881055764
0	0.0
1	1.141028305947184
1	4.505082064794893
1	3.945515307401981
0	0.0
1	3.35299813486133
1	2.4583399686583673
