1	1.0719728941926379
1	0.9401897775217024
1	1.5123215011435138
0	0.0
0	0.0
1	2.855176502790754
0	0.0
1	1.170673214519019
1	7.3804606657639695
0	0.0
1	2.525654355256894
0	0.0
1	8.411663535566955
1	3.212842833148886
0	0.0
0	0.0
1	7.978829302205741
1	8.0616890410462
1	5.787060036866395
1	1.328701037337209
1	1.1538425380389463
1	2.8428802626381926
0	0.0
1	1.4330567645737786
1	7.608910994055599
0	0.0
1	4.751604973505288
0	0.0
0	0.0
0	0.0
1	7.672431184614216
0	0.0
1	3.746972279087397
0	0.0
1	2.3954064308069873
1	0.9365675705272158
1	2.4369061681130693
1	1.5336471536166498
1	1.3081950805728186
0	0.0
1	3.635915917894991
1	3.9341361894085503
0	0.0
0	0.0
0	0.0
1	2.793887887909336
1	1.0118097064343008
1	1.1881599369616689
1	3.750659936121243
1	2.5033114243704118
1	1.4969423599634957
1	0.9781172736350164
1	0.9106323216856272
0	0.0
0	0.0
1	2.6259149254643055
1	1.0077418706016243
1	3.2751074127777056
1	3.0572912469502107
0	0.0
0	0.0
0	0.0
1	4.503911718782925
0	0.0
0	0.0
1	1.246625698738054
1	3.9157007165973385
1	1.1983758516280205
0	0.0
1	2.6437038408305065
1	3.163115082150478
0	0.0
1	7.780170727371738
0	0.0
1	1.2105062308903916
0	0.0
1	2.690664709356637
1	3.554610215812641
1	7.0225537357321155
1	1.038941355151593
1	1.0207324725762759
1	6.899072597277967
1	5.807514703144812
0	0.0
0	0.0
0	0.0
1	1.2231704216725028
0	0.0
0	0.0
0	0.0
0	0.0
1	3.672454831483207
1	2.692779918822702
0	0.0
0	0.0
0	0.0
1	1.4202939399070615
1	2.3846887281372573
1	2.6208042315540383
1	1.045990543508506
