1	3.024986223989332
1	8.113971146709506
1	3.893783628810334
1	0.9550842124206331
1	8.350137790054102
0	0.0
0	0.0
0	0.0
1	1.522064451938463
1	1.2908790765022053
1	1.3404669841417869
0	0.0
0	0.0
1	2.946047578236924
1	1.2007872449808845
0	0.0
1	3.3637302912604725
0	0.0
1	2.284237213472463
0	0.0
0	0.0
1	5.929724378421122
1	2.8743781783271656
1	5.8190712935487525
0	0.0
0	0.0
0	0.0
1	1.2287151630219575
0	0.0
1	8.38765656151185
0	0.0
1	1.1432165994886143
0	0.0
0	0.0
0	0.0
1	1.4897184775965813
1	5.316584912055274
1	2.99358253206187
1	4.5917775605841324
0	0.0
0	0.0
0	0.0
0	0.0
1	1.2394397197990576
1	5.112557699101398
0	0.0
0	0.0
1	2.422909950742133
1	4.697376357108092
1	2.289745426658895
1	1.1778933239927527
1	3.235030362329537
0	0.0
1	3.437911255897421
1	1.0935510875702905
0	0.0
1	7.560307822057643
1	3.2242239197929288
1	3.26697990771411
0	0.0
1	8.288327823864243
1	3.9139997088593548
0	0.0
1	3.6503702940277067
1	6.8855673980700525
1	8.584651129161456
0	0.0
1	0.9203163526833175
1	7.772598965595823
1	3.2231829732954154
0	0.0
0	0.0
1	3.1755320599665744
0	0.0
1	1.5887549100337202
0	0.0
1	3.545110009790142
1	2.4911184364218912
1	5.717912764625052
0	0.0
0	0.0
0	0.0
1	7.848756311331972
1	6.800117490222929
1	7.6255648327409125
0	0.0
0	0.0
1	3.288431843695133
1	1.2993834640931756
0	0.0
1	2.750164561161998
0	0.0
0	0.0
1	6.893582320154033
1	4.577921456509305
1	1.0161694489123083
1	3.0954687717792826
1	2.587457470077021
0	0.0
0	0.0
