0	0.0
1	2.4315139083255577
0	0.0
1	8.056791387433888
1	1.0363294857870164
1	1.3506741977316339
0	0.0
0	0.0
1	1.595495446575789
1	5.815906865156049
1	2.5060268097591196
0	0.0
0	0.0
0	0.0
1	2.623211540012466
0	0.0
0	0.0
1	0.9272695739920706
0	0.0
1	6.774880058187319
0	0.0
1	1.444593456906793
1	8.448537605969733
1	3.7362792653394674
1	1.2897496426152428
1	7.873805935792851
0	0.0
1	2.3381743135097808
0	0.0
0	0.0
1	2.4351356133254263
1	7.313934613196947
1	3.5384034728307827
1	7.361725563681201
1	5.157975559165409
1	8.300365284043137
1	2.638810304507928
1	1.2439316040955868
1	3.5421001033623924
0	0.0
1	3.166381671395498
1	6.288402011074058
1	3.931050084765482
1	2.390112605178047
1	1.4249856619566441
0	0.0
0	0.0
1	6.408418585524311
1	1.4041213105257815
0	0.0
0	0.0
1	3.783829009481391
1	3.907772882847941
1	1.1496248029471046
1	8.426899470400082
1	8.2727910271279
0	0.0
1	1.0265107027931324
1	1.389808221758852
0	0.0
0	0.0
1	3.263120996391981
1	7.621581041123225
1	0.9689814537179364
0	0.0
1	2.2849327906026
1	3.524155147710081
0	0.0
0	0.0
1	8.323636905216436
1	7.107780505504755
0	0.0
1	2.6035463394421403
1	6.591840627175994
0	0.0
0	0.0
0	0.0
0	0.0
1	3.7960729239019133
1	1.5404294910968352
0	0.0
1	4.649462037986577
0	0.0
1	6.974213555520468
1	2.896069972631149
1	3.4142986939208537
0	0.0
1	5.6458055031721885
1	8.551381149714
0	0.0
0	0.0
0	0.0
0	0.0
1	5.142419342053618
1	3.5409544667359643
1	2.9458595075942955
1	8.05557358713617
1	8.465180117385339
0	0.0
1	5.324183967981798
