1	1.471228502614831
0	0.0
1	0.9889661329808864
0	0.0
0	0.0
0	0.0
1	1.072333191851354
1	5.345135692170595
1	0.995461392402303
0	0.0
1	5.968273140677906
1	1.5958130219052844
1	4.496216168948127
1	4.637226798387706
1	4.90160173042452
1	8.185650425914725
1	5.285734347953755
0	0.0
1	8.015664016238388
1	3.9743482069936222
1	0.9364792985798487
0	0.0
1	1.5633051665072002
0	0.0
0	0.0
1	6.717389142901209
0	0.0
0	0.0
1	1.1511303448732488
1	2.406431477403121
1	3.0642153879743557
1	8.542146954546746
0	0.0
0	0.0
1	1.295864976552099
1	3.1414103648375598
1	3.78906715856157
1	3.53418187640006
1	1.4074999918175344
1	1.215397034435612
0	0.0
1	3.535673501845224
1	1.450795656814051
1	2.8315192813014813
0	0.0
1	3.2447657555559006
0	0.0
1	1.103736369049428
0	0.0
1	6.522541544509177
0	0.0
1	5.893401429952916
1	2.358450028979694
0	0.0
1	7.467690160311492
1	0.9672908602029192
0	0.0
1	6.334023615772439
0	0.0
1	7.838240654206295
1	1.5809444460058848
1	1.0275238694875997
1	1.1430698229188163
1	3.669212424040147
1	8.353218678509988
0	0.0
1	0.9309927165732922
0	0.0
1	1.4044261863804457
0	0.0
0	0.0
0	0.0
0	0.0
0	0.0
0	0.0
0	0.0
0	0.0
0	0.0
1	5.563748369931378
1	1.4529970038265798
1	5.80069335687398
1	1.0883346994695033
1	2.352860560217493
0	0.0
1	1.1498166689237599
1	6.116924952905588
1	1.2122180938828875
1	1.0033634415436605
1	1.3936674782452982
1	6.824383165650509
0	0.0
1	1.24369847374424
0	0.0
1	5.672104061328396
0	0.0
0	0.0
1	5.53758078772019
1	1.5248980609810738
1	3.329413239405875
1	6.9757792679771535
