1	1.125744208648591
1	3.373215249092944
1	7.395033776872569
1	5.860939492232592
0	0.0
1	3.1231589614690254
1	3.160567417898108
1	3.3623551861628127
1	1.220755325967437
1	3.5498553853130352
1	3.211865267270307
1	6.117342543886363
0	0.0
0	0.0
1	3.0747303880068046
1	3.2200291579788636
1	2.7686381420348303
0	0.0
0	0.0
1	5.102317526946889
0	0.0
1	3.4289858278847856
0	0.0
1	1.4385589761692734
1	5.317745270830373
0	0.0
0	0.0
0	0.0
0	0.0
0	0.0
0	0.0
1	1.2169596055961893
1	2.867536390553112
1	0.9568221910720599
0	0.0
0	0.0
1	5.344971782970502
1	6.338822494630917
0	0.0
1	4.572017414183927
1	3.614469612734975
1	7.37281486452815
1	2.418560819776836
0	0.0
0	0.0
0	0.0
1	2.5972006422612384
1	6.310760910194524
0	0.0
1	7.315196982813805
0	0.0
1	0.9514927805024253
0	0.0
1	1.430544654036801
0	0.0
0	0.0
1	3.2307727673092046
1	7.664545534815412
1	1.3953365414264907
1	4.6855948047228
0	0.0
0	0.0
1	4.6626289957822245
0	0.0
0	0.0
0	0.0
0	0.0
1	6.321775553992851
1	5.8716283329708645
0	0.0
0	0.0
1	8.438449022024198
1	5.82361796437408
0	0.0
1	7.005797658216686
1	7.698689640868739
1	3.068467127917637
0	0.0
1	1.408699344244865
0	0.0
1	6.7378435475221
1	6.827716286188952
1	3.7762713960064804
0	0.0
0	0.0
0	0.0
0	0.0
1	0.9938530198068093
0	0.0
0	0.0
1	2.9804335092570264
1	3.4455073115795294
0	0.0
0	0.0
0	0.0
1	1.4562412582240456
1	3.9159383962585825
1	1.5155840968414034
0	0.0
1	1.3946772549372115
