0	0.0
1	1.4026129007940384
1	6.138098332763548
1	1.3948658284096007
1	1.4541102875418588
0	0.0
0	0.0
0	0.0
1	3.6451983078066075
1	1.0685273163231768
1	5.936938772774039
0	0.0
1	2.2584775964505246
0	0.0
1	5.779478001184707
1	2.7729232826977905
0	0.0
1	5.428801955701721
0	0.0
1	3.9251180659128915
0	0.0
1	4.602983821382925
0	0.0
0	0.0
1	3.9491401707083917
0	0.0
0	0.0
1	2.3516798627254603
0	0.0
0	0.0
0	0.0
0	0.0
1	7.956651407564347
1	2.353024917920163
0	0.0
1	7.1816979521968625
1	3.8733857988017517
0	0.0
1	3.7480716070441464
1	2.8767773439712903
0	0.0
1	2.325023750623499
0	0.0
0	0.0
0	0.0
1	3.8319582218811936
0	0.0
1	1.5020512166538085
0	0.0
1	1.1732714491354534
1	2.818874723486106
0	0.0
1	1.153864951345676
0	0.0
0	0.0
1	6.532025047351352
1	1.2555592066408954
1	5.689799132466572
1	1.050561959773435
0	0.0
0	0.0
1	1.4110660130023462
1	1.0264383416300968
1	7.733664943416236
1	5.4458962390363
1	1.3970160033489112
1	8.238340608614227
0	0.0
1	3.3239381518082944
0	0.0
1	7.254685097683131
0	0.0
1	0.9093503192817382
0	0.0
0	0.0
0	0.0
1	3.121033776068468
1	7.552412594823831
1	1.472753145650076
1	8.312501253470433
0	0.0
1	1.573716311002558
0	0.0
0	0.0
1	4.610327263880566
1	5.143539934656725
1	3.457222572289652
1	2.829707845573032
0	0.0
0	0.0
1	5.911494737110803
0	0.0
0	0.0
1	2.3815260109546363
1	7.818184005578993
1	1.1323746746277554
1	2.9711042156442677
1	2.927168085783686
1	6.329157803572216
1	5.3947751395580745
