0	0.0
0	0.0
1	1.382202212124851
1	2.4965561916965457
1	6.450893740203117
1	6.204746144581656
1	6.290725501039654
1	2.9909443265682976
0	0.0
0	0.0
1	3.055448112975828
0	0.0
1	6.695380902381749
0	0.0
0	0.0
0	0.0
0	0.0
1	1.5387070840842054
1	5.1516627356372595
0	0.0
1	1.4988744711039277
1	1.0792934669352419
0	0.0
0	0.0
1	2.601995113577934
1	3.444380745263843
0	0.0
1	3.1001989691158505
0	0.0
1	1.5161488753669987
1	1.277812443296518
1	1.1206356463901939
0	0.0
1	0.9574124939714399
0	0.0
1	3.6595710254352714
0	0.0
0	0.0
0	0.0
1	5.841260927185669
1	5.5464911278291895
1	1.167099285319107
0	0.0
0	0.0
1	7.692545611455805
0	0.0
1	2.825750581491986
1	8.221688046471325
0	0.0
0	0.0
0	0.0
1	3.3740487453184063
0	0.0
1	3.139766583904731
0	0.0
0	0.0
1	6.277642246716778
1	6.212133097262645
0	0.0
1	5.328400933009645
1	5.4941856605739625
1	7.301299948575788
0	0.0
1	1.0622267887469619
1	2.7900062656769786
0	0.0
0	0.0
1	5.879349702246765
1	3.287503708976927
0	0.0
1	3.7998160202045312
0	0.0
1	6.27314184983241
1	7.336266120045232
0	0.0
1	4.705799683300175
1	2.269675057279999
1	5.41793718490881
1	3.7940868326006743
1	3.69167350733718
0	0.0
0	0.0
1	3.2962792586571963
1	1.1265985501479265
1	2.563754699376834
1	1.2242822716464037
1	0.9919881665042978
1	5.329593305390573
1	1.4574560410467927
1	1.5155426602304982
0	0.0
0	0.0
1	3.1039379982847985
0	0.0
1	6.682592012774863
1	3.42467086686589
0	0.0
0	0.0
0	0.0
1	6.877184731725848
