1	3.2085740766081132
1	7.424644042939072
1	1.4727951616009731
0	0.0
1	0.9949336041459933
1	4.619687265332765
1	2.4462845489726663
1	3.7393153503026695
1	5.78496933263455
1	0.972728419779799
1	4.890130325898668
1	1.0527300217744577
1	7.8580684890995585
0	0.0
1	1.0181239296143771
1	8.57693387329577
1	5.8450949323757975
0	0.0
0	0.0
1	8.33613033056854
0	0.0
0	0.0
0	0.0
1	8.355024496377302
0	0.0
0	0.0
1	3.2612635434046124
0	0.0
1	3.4140733776459293
0	0.0
1	1.5017306558428007
1	8.47197976820702
1	1.0401978502923241
0	0.0
1	7.116066731811356
1	2.9494795561112217
0	0.0
0	0.0
1	3.15207142352365
0	0.0
0	0.0
1	1.5846531562577715
1	6.215184467478956
1	5.899681587655376
1	4.980201930056623
1	6.964672220593339
0	0.0
1	1.4025311991658924
1	1.3145453795721798
1	4.824855487872533
1	6.821227383499855
0	0.0
0	0.0
0	0.0
0	0.0
1	1.0141603523812721
0	0.0
1	1.497860499564323
0	0.0
1	2.8647740847763328
1	1.2896914876307113
1	1.4014822397845856
1	1.0842271198480151
0	0.0
1	7.434280709707229
0	0.0
1	1.051638563147761
0	0.0
0	0.0
1	1.1297631310107699
1	3.380343540040204
1	5.257327516032459
1	4.570325844457561
1	3.4294054964135725
1	6.0801504980238406
0	0.0
0	0.0
1	7.354602883176838
1	8.08549794901242
1	4.61799697984462
0	0.0
1	2.901089662136187
1	2.615802350665118
0	0.0
0	0.0
1	8.441402474607466
0	0.0
1	2.6159639094407137
1	5.158235485133581
0	0.0
1	7.7706618331678685
0	0.0
1	5.483759361417138
0	0.0
0	0.0
0	0.0
1	2.7334967672886834
1	5.632477696222729
0	0.0
1	3.0993715599564515
