1	3.690762893080319
0	0.0
0	0.0
1	2.329573878903344
1	3.359237830971904
1	7.692536099435179
1	1.249957311601412
0	0.0
1	1.4832058163449977
1	1.060993947110552
0	0.0
0	0.0
1	3.1495325561317973
0	0.0
1	6.71477622508146
1	3.4313197215890345
0	0.0
0	0.0
1	1.3499124571682133
1	5.179363523205516
1	1.137981459755205
0	0.0
0	0.0
1	1.3394280493278155
1	1.2018635321314588
0	0.0
1	1.4596605911363496
1	5.284694396853186
0	0.0
1	0.996305752917975
0	0.0
1	2.91157130296278
1	1.539708915311345
0	0.0
0	0.0
0	0.0
0	0.0
0	0.0
1	5.819136225018033
1	6.205058250062654
1	3.7852315328312214
1	1.3697291681888117
0	0.0
1	6.176056218457483
1	6.237190050058186
0	0.0
1	1.2112820368731991
1	7.326014407062299
0	0.0
0	0.0
1	4.711164956427314
1	2.2700705830786583
0	0.0
0	0.0
0	0.0
1	7.027956408569804
1	0.918648994915057
0	0.0
0	0.0
1	1.0520713938828843
1	3.541384364352165
1	2.727891625837264
0	0.0
0	0.0
0	0.0
1	2.6084557165442206
1	3.172003157083275
1	1.3574770836216628
0	0.0
1	1.3313614303405528
1	3.0763988948982752
1	1.10781304090657
1	5.2869646837632835
1	3.5016388620172654
1	2.2585715206613126
1	3.264073032083345
0	0.0
1	3.6383619791002926
0	0.0
1	0.9958088010779262
1	3.9392294926899187
1	3.416779749244045
1	1.2108606282884842
1	3.380509985236979
1	3.3408869112364106
1	0.9203760000050522
0	0.0
0	0.0
1	1.5588967031339558
0	0.0
1	2.8198931723404823
1	6.175513361822387
1	8.297634447181276
0	0.0
0	0.0
1	3.2023549037920898
0	0.0
0	0.0
0	0.0
1	1.016574922983804
