1	3.7948755805878083
1	4.772975606582247
0	0.0
0	0.0
0	0.0
1	1.1198539767893312
1	5.553681916248232
1	1.0339454612043553
0	0.0
0	0.0
0	0.0
0	0.0
1	1.5582926181090548
1	1.3243477460497197
1	0.9437808670659561
0	0.0
1	1.2077726069876302
0	0.0
1	3.711029520685956
1	1.2624371742836007
0	0.0
1	6.890169969332132
1	3.8559929012951133
1	2.330709999096321
1	3.8670432713233436
0	0.0
1	1.5982026618404932
1	1.4491254002473588
1	5.3385894624340455
0	0.0
1	6.590652313372637
1	6.457303361624017
0	0.0
1	5.304244287964126
1	1.4667775714732931
1	7.774366661308464
0	0.0
1	8.301279552953693
1	2.9737670893027284
1	1.5130546563066067
0	0.0
0	0.0
1	0.9236850930238164
1	6.463644096891494
0	0.0
0	0.0
1	4.8638879702397375
0	0.0
0	0.0
0	0.0
1	1.1127466962406585
0	0.0
1	3.6173733443041374
0	0.0
1	3.7679332591653893
1	1.4978462623929851
0	0.0
0	0.0
1	6.41999796706829
1	3.078439160110679
0	0.0
0	0.0
1	6.355417600821557
0	0.0
0	0.0
0	0.0
1	2.4431504315581813
1	7.137702991527424
1	1.299979108413655
1	4.666275366553338
1	1.2748087610816334
0	0.0
1	0.9362869055636078
0	0.0
0	0.0
1	2.8215344832008356
0	0.0
1	1.0079252283998779
0	0.0
1	7.164643390783373
1	2.9477425652495626
0	0.0
0	0.0
0	0.0
0	0.0
1	3.9511627347522196
0	0.0
0	0.0
0	0.0
1	1.1881946574901843
1	2.2955721925039705
1	6.755533939608059
1	3.104633689781448
0	0.0
0	0.0
1	6.559684542091393
1	6.253308282522994
0	0.0
0	0.0
1	1.1100222910915687
