1	1.4116682757455066
1	2.5687976773226397
1	3.22052275977762
1	5.03527421015949
1	6.093273167397397
0	0.0
1	3.8450034064044933
0	0.0
0	0.0
0	0.0
0	0.0
1	5.708798553862801
1	8.055651447565525
0	0.0
1	6.9474846861722455
1	6.37472979627224
1	1.1712307029491265
1	0.9410156771239849
0	0.0
1	3.2077503813078896
0	0.0
1	3.683930807330925
1	8.591794716294489
0	0.0
1	0.9776386004640412
0	0.0
0	0.0
0	0.0
0	0.0
0	0.0
1	2.7612042157398866
0	0.0
1	6.284331843613728
1	7.270266203043066
1	8.345965314501369
1	3.511908125043803
1	4.584277365027322
1	7.96168365800008
0	0.0
0	0.0
1	1.2317434483809442
0	0.0
1	6.245204242964211
0	0.0
0	0.0
0	0.0
1	3.576518300798007
0	0.0
1	3.382689475195144
1	2.3107177298356394
1	6.567709976651244
1	5.613660654931533
0	0.0
1	3.7937194259051985
1	6.792540501068366
1	5.396337131090832
1	5.298142784632891
0	0.0
0	0.0
1	1.2362214530536644
0	0.0
1	1.2122899396286497
1	3.9636547024057838
1	2.797869483974704
0	0.0
1	1.0228005923754362
1	4.659257514519012
0	0.0
0	0.0
1	1.028226280244405
0	0.0
0	0.0
1	4.792393532836637
1	1.0156185706724101
1	2.2597034296432335
1	3.3928356904359895
0	0.0
1	7.767141553426651
1	1.3664198964769936
1	1.4985739227850225
0	0.0
1	5.13023634064812
1	5.5290671887198934
0	0.0
1	3.851184521219683
1	3.0924139913507416
0	0.0
0	0.0
1	7.140824510971904
0	0.0
1	1.1206734003422603
1	2.502151848867378
0	0.0
1	2.9955212495789696
0	0.0
1	2.2786587031385674
1	1.354968644928316
0	0.0
0	0.0
0	0.0
