0	0.0
1	1.0607916451044161
0	0.0
0	0.0
1	3.471812846364305
1	7.086076946895988
1	3.6422939380641646
1	5.800736267746157
1	8.492633119125017
0	0.0
1	3.1210507975499393
1	3.6002661408581527
1	3.8172741119143763
0	0.0
0	0.0
0	0.0
1	1.3629692677442442
0	0.0
1	2.724017910767214
1	1.2316035121877107
0	0.0
1	3.7301788106615836
1	5.8384610040793365
1	0.9902295398462667
0	0.0
1	1.5028565862482424
0	0.0
0	0.0
0	0.0
0	0.0
0	0.0
1	3.787597867553238
1	1.138441780003444
1	7.181392350636926
0	0.0
1	1.0954992707546394
1	8.220566372606974
0	0.0
1	2.977847006788147
0	0.0
0	0.0
1	1.178621929504782
1	7.688857767966927
1	2.3009126092593855
0	0.0
1	7.0847440490323415
1	5.334376265466959
1	8.336376465645966
0	0.0
1	2.4127127198966654
1	1.5689157463196666
0	0.0
1	1.0904127327783464
0	0.0
1	3.5512843159313436
1	5.125877753484692
1	4.547079805117242
1	1.2187657573426427
0	0.0
1	4.80907637029438
1	2.7417323653936934
0	0.0
0	0.0
0	0.0
0	0.0
0	0.0
1	1.5416815978460878
0	0.0
1	7.095139094544533
1	8.266141523474849
1	0.9687005626034986
0	0.0
0	0.0
0	0.0
1	8.59290636829083
1	3.7907121409532794
1	1.25635626418345
1	7.699278044190788
0	0.0
1	3.3396344436701915
0	0.0
1	1.266376883161025
1	7.232900253047774
0	0.0
0	0.0
1	2.8628280673383384
1	1.4220466340202678
1	2.7543978307099812
0	0.0
0	0.0
0	0.0
1	7.52555763444571
1	1.4016170552192349
0	0.0
1	3.8739038554983054
1	6.481272884021858
1	7.078165897077703
1	8.236048220301024
1	2.8518035412929867
0	0.0
