0	0.0
0	0.0
0	0.0
0	0.0
1	4.78803137962745
0	0.0
1	7.800618573238924
1	2.543515972316312
0	0.0
0	0.0
1	6.508146206601608
1	5.188349582384858
0	0.0
1	3.029904218872692
1	8.068229484495928
1	2.666965982184221
1	1.288816810797261
1	2.259583807561945
1	2.4098395970390794
1	1.46326099967672
1	3.0392448803540124
1	5.64829620191623
1	3.851514020096684
1	7.451171367692485
0	0.0
1	2.4462240242605633
1	8.21671338955045
0	0.0
0	0.0
0	0.0
1	2.8982178726049197
0	0.0
1	2.6457057948891545
1	1.1601516859811625
1	5.9559976635387075
1	3.237397162250572
1	8.14089548577286
1	1.0814780967040916
1	6.236424223694442
1	7.430469122410372
0	0.0
0	0.0
0	0.0
0	0.0
1	8.344433276983404
1	5.9281708234196016
1	2.331230326029201
0	0.0
1	1.460299597336077
0	0.0
1	1.234972638324415
0	0.0
1	1.4807449973327826
0	0.0
1	5.114714304474528
0	0.0
1	1.1572271415445798
1	3.4786899111200427
1	1.194268312200363
1	6.27081192713199
0	0.0
0	0.0
0	0.0
1	8.192217138048438
1	3.513654453259676
0	0.0
1	2.476519099309856
0	0.0
1	5.125520301407789
0	0.0
1	0.9291251367085627
0	0.0
0	0.0
1	0.9664698389048694
0	0.0
1	0.955700962537691
0	0.0
1	1.5064076924549106
1	1.5993606235004845
1	3.77804620880998
1	2.51073117695075
1	5.689015675003107
1	5.195249817437599
1	1.5830970522683923
1	5.590127443571242
1	2.2580308690490356
1	5.995358629993623
0	0.0
0	0.0
1	1.2466018097204845
0	0.0
1	6.975374406827381
0	0.0
1	7.662302324649303
1	1.2301534103061922
1	2.8765425596957086
0	0.0
1	1.3022095279951085
1	1.594994325553989
1	6.700630040932619
