1	4.94813507980792
1	6.521608702724205
0	0.0
0	0.0
1	7.822454695053436
1	8.593085120783627
1	2.555807011438035
1	7.761073458566728
1	2.786063428463459
0	0.0
0	0.0
1	1.1317186214012334
1	8.485362350081083
1	2.4148874675110377
1	5.666799221469846
0	0.0
0	0.0
0	0.0
0	0.0
1	6.525593252379133
1	4.972635446644096
0	0.0
1	2.92313287298778
0	0.0
1	3.0733822697431536
0	0.0
1	1.1680817592620087
0	0.0
1	1.0431967416931622
0	0.0
0	0.0
1	1.1267074402390116
1	1.1096865835018526
1	4.984974534459258
1	1.512504347075756
1	5.274249853817803
1	1.1623344481089686
1	3.116131472189249
0	0.0
1	1.295669853583799
0	0.0
1	2.678550736458433
0	0.0
1	1.234437375791249
1	1.280663243514883
1	1.1301003854979894
0	0.0
0	0.0
1	5.445106784613229
1	1.461171001035782
0	0.0
1	5.495950164449585
1	6.988849274925834
1	3.737953099838237
0	0.0
0	0.0
0	0.0
1	2.597437967019994
1	1.584481328762001
1	3.4446275880840425
1	0.9390392097509063
0	0.0
0	0.0
1	7.994899163621483
0	0.0
0	0.0
1	6.367159606365429
1	7.155551461313774
1	3.544057531403766
1	6.772035683122944
1	1.4375657496502976
0	0.0
1	2.518413453180471
1	3.374601979282069
0	0.0
1	6.05691526263818
1	1.2207666189810404
1	1.2184858912515946
1	3.5154581295661878
0	0.0
1	1.1177078922583212
1	2.5562866389513363
0	0.0
0	0.0
1	6.127991213460667
1	3.64360977403937
1	1.5723005164117785
0	0.0
0	0.0
1	7.2733049271203045
0	0.0
1	1.4039532799749215
0	0.0
1	1.1241679480181506
1	3.2844475370213155
0	0.0
0	0.0
1	3.88186411195055
1	2.2696473052892503
0	0.0
