1	7.5158644371463925
1	2.8113056351020895
0	0.0
0	0.0
1	3.2651375384894696
1	2.2550385832042044
1	1.4449151615470512
1	5.7767114769299255
1	3.262927625003939
1	2.516941374234019
1	0.916977845851621
1	3.9142541979559735
0	0.0
1	8.11572568354976
1	3.1091839902215592
1	6.553800166407368
0	0.0
1	1.0826049625442646
0	0.0
0	0.0
0	0.0
0	0.0
1	1.0722173128763788
0	0.0
0	0.0
1	2.606369067774458
1	4.6538111487224985
1	1.4580155798465224
1	6.997682559779554
0	0.0
1	3.1254058857488523
1	3.122281794329646
0	0.0
1	1.4000087848032385
1	1.3939483044684917
0	0.0
1	3.1166153585324023
1	3.0499224688676696
1	3.3872720176308713
0	0.0
1	1.4053574401466693
1	8.103682766079908
1	3.0404254390596366
1	4.602777925769781
1	1.469633363313437
1	2.9293852206394457
1	7.153849621529538
1	1.0008111533182062
0	0.0
1	7.739128957628042
1	3.907967252195731
1	1.0809855734493516
1	7.953505578019417
1	3.390845004938326
1	4.988518139237302
0	0.0
0	0.0
1	7.440701539112789
1	5.079178074569092
1	2.2634148875286635
1	1.0509559250114424
0	0.0
1	7.064604733942608
0	0.0
1	1.5758862874567154
1	2.28131074331719
1	2.346407248218139
1	7.5651209997303
1	6.238301586617385
1	3.049162695901072
1	2.861235516905216
0	0.0
1	1.0961105099585406
1	8.254280591699787
1	1.402209006065669
1	7.73240271520988
0	0.0
1	1.286587674189966
1	7.717114672050165
1	1.0532741380883999
1	1.014595847854368
0	0.0
1	2.266303263867254
1	1.2960555093526631
0	0.0
1	3.774619084797
1	2.6103789884771342
1	5.085156747007758
0	0.0
1	5.1431093464155655
1	1.4209600674185894
1	1.2803086554785823
0	0.0
0	0.0
1	1.4194840392249803
0	0.0
0	0.0
1	2.562331975482079
1	2.654895225175873
0	0.0
