0	0.0
1	7.496372429105146
0	0.0
0	0.0
1	2.90863842054983
1	3.9366695313919475
1	7.360770766713505
1	6.241251710763015
0	0.0
1	7.0262162686653
1	3.983192740844949
1	3.989669896023707
0	0.0
1	3.770152673618435
0	0.0
0	0.0
0	0.0
0	0.0
1	7.15849560581537
1	2.3673330135851818
0	0.0
1	2.8576761278168195
1	6.91056228800933
0	0.0
0	0.0
1	7.564622157354076
1	2.5760998566509588
1	5.415841679453772
1	6.3502507689540195
1	1.5808073149868993
1	3.5716576104564717
0	0.0
0	0.0
0	0.0
1	3.4831728614871333
0	0.0
0	0.0
0	0.0
0	0.0
1	1.4508284491686458
1	7.800654685825324
1	1.042589102339123
1	1.5942416208542398
0	0.0
1	2.271212610444465
1	3.383596423618625
0	0.0
0	0.0
1	0.927347787635112
1	0.9555623934189603
1	1.4748654119959959
0	0.0
1	1.1113191240504148
1	6.128585167385368
0	0.0
1	3.09446920723744
1	5.204641910415698
0	0.0
1	2.690117980853254
0	0.0
1	5.7193476271555985
0	0.0
0	0.0
1	4.871925254422371
1	2.572704379195132
0	0.0
0	0.0
0	0.0
0	0.0
0	0.0
1	1.3525886180982978
0	0.0
1	1.5876140954815474
0	0.0
0	0.0
1	2.824583815957589
1	2.3186313373676555
0	0.0
0	0.0
0	0.0
1	8.261475976441094
0	0.0
0	0.0
0	0.0
0	0.0
0	0.0
0	0.0
0	0.0
0	0.0
1	7.7793401705917375
0	0.0
0	0.0
1	8.403173030729198
1	1.3732239134440136
0	0.0
1	5.381558219604733
1	1.5980985265665706
1	1.4853597423856533
1	1.1310695288099253
1	6.0428919026480745
