1	3.4017398540102333
1	3.7769445560791364
1	2.318134431149979
0	0.0
1	1.420225019271355
1	7.562275380830703
1	5.824120284294251
1	2.622354275088283
1	5.261606235122211
0	0.0
1	1.032575994765236
1	1.2185504265628224
1	4.961776196632574
1	1.266335069470649
0	0.0
1	2.9878397092021127
1	3.9867404678050384
1	1.5044779004500768
0	0.0
0	0.0
1	3.0916273577195974
1	1.4493743517943787
1	1.0708785215939352
1	3.649521494667452
1	1.0781314555450439
1	1.4200968167710721
0	0.0
0	0.0
0	0.0
1	3.6505237535378137
1	1.1319476427808635
1	1.0597887882082027
0	0.0
0	0.0
1	1.3633651576049095
0	0.0
1	0.9737478040885883
1	1.2073242480359605
1	5.695946568237216
1	7.629402818588541
1	1.1462716868686507
1	7.039739781014058
0	0.0
0	0.0
0	0.0
1	3.781805851220095
1	1.0447808941966024
1	2.5203926385351374
1	3.13164387246671
0	0.0
1	3.412082623365559
0	0.0
1	3.471098635632566
0	0.0
0	0.0
1	1.384649120843266
0	0.0
0	0.0
1	1.443311001394139
0	0.0
1	1.4075675933207772
0	0.0
1	2.914024023473706
1	8.299215928351767
1	8.257895741533458
1	5.479167714356741
1	6.821235514122664
1	2.563885169589899
1	2.536344097959762
1	3.014980206627101
0	0.0
1	4.707608649715579
0	0.0
0	0.0
1	6.921283964843081
1	2.8902596881808464
0	0.0
1	1.56307566715997
1	1.086406435960178
0	0.0
1	1.4160755615525096
1	2.623297488278239
1	1.0522612133640212
1	2.8081511429474215
1	3.4807742570936178
1	2.2902007124199164
1	2.382514879175056
1	8.043420132829535
1	2.604768881646872
1	3.3602005878115846
1	3.239161227043869
1	1.2125077252991343
0	0.0
1	1.4809767100848519
1	4.48545873064929
1	1.1505227779972413
1	1.116354840721336
0	0.0
1	3.746071310282437
0	0.0
