1	3.4597447197857485
1	4.891149290526544
1	1.025613050585008
1	6.361857539884252
1	5.476567292607779
1	1.4717074813557716
0	0.0
1	7.055347124274741
1	8.06761797450565
1	2.9926264149918973
1	7.161441197129164
1	0.9415421346255185
1	6.669419694847851
1	3.1542798860603627
0	0.0
0	0.0
0	0.0
1	2.5033682616782276
1	8.241823367435893
1	2.8435240260401082
1	3.0193040446851716
0	0.0
0	0.0
1	6.698958067623343
1	8.045357192147298
1	1.353967404824902
1	2.3920469828726385
1	2.7897191572973514
0	0.0
1	2.605562022773287
1	2.5155651136682833
0	0.0
1	8.385222906994258
0	0.0
0	0.0
0	0.0
0	0.0
1	5.997488482808742
0	0.0
1	6.139054210992488
1	4.8076390883937
1	3.847556687639929
1	2.5795432272207126
0	0.0
1	2.5790767424954097
0	0.0
1	1.023230301228297
1	5.319834235809255
0	0.0
1	1.0012013643878692
0	0.0
0	0.0
1	1.221271463985457
0	0.0
1	3.564769093176533
1	1.5035390411717184
0	0.0
1	2.869305175305297
1	6.362642165186818
0	0.0
1	1.2530451995685143
0	0.0
0	0.0
1	0.9270384731870367
0	0.0
0	0.0
1	5.100579400458562
0	0.0
1	1.135172693405469
0	0.0
0	0.0
1	1.4699698781696058
0	0.0
1	7.464122710067502
1	2.3890992263010675
0	0.0
1	5.2898045442733705
1	7.602762440468615
1	2.8298185527643076
0	0.0
1	2.5014059606466175
1	0.9482770115856842
0	0.0
1	3.3616051852245765
0	0.0
1	1.5733638022302396
1	1.1268102081155895
0	0.0
1	1.5515661889558343
0	0.0
1	2.65950460629824
0	0.0
0	0.0
1	6.143139796045312
1	4.913808207897105
1	5.76545590330737
1	3.6270588395431167
1	4.958453996447908
1	3.321128009490347
0	0.0
