1	3.8691649076990235
1	1.411342335256621
0	0.0
1	1.4025433830620297
1	2.7094785375236716
1	2.9968127507208666
0	0.0
0	0.0
1	1.4139234719986433
0	0.0
1	6.989541034894339
0	0.0
1	2.3448067784127615
1	1.306866553406484
0	0.0
1	2.8906077384457998
0	0.0
0	0.0
1	6.293849215713813
0	0.0
1	1.0639713293237172
1	3.4297266721760384
1	5.857803339206217
0	0.0
1	2.8641888953438324
1	8.157100228756978
1	1.4194844203399763
1	2.4526250084928867
1	6.428619902865809
1	1.3765273890117573
0	0.0
0	0.0
1	4.855185474707656
1	4.529140724869035
0	0.0
1	3.8794691636224554
1	2.4544397567802205
0	0.0
1	3.5234904149435153
0	0.0
1	1.5129231677588977
0	0.0
0	0.0
0	0.0
1	3.046010389327091
1	4.522634557593148
1	2.7797128123015167
1	1.3388898670114866
1	8.445595384458555
0	0.0
1	1.3924074165074325
0	0.0
1	2.6975731048388742
1	3.5278840047713724
0	0.0
0	0.0
1	2.5351358527901104
1	1.4964085497351238
1	3.707135852118929
1	3.6860987088274686
0	0.0
0	0.0
1	8.26756795332206
1	3.984158804138541
1	5.002328937119223
1	8.559568745563196
1	6.942818962134872
1	7.300617302369763
1	3.8760421901988336
1	3.7030328814377396
1	3.4427536553298945
1	3.833343021677544
0	0.0
1	1.2374881143279537
1	2.455559168880391
0	0.0
1	2.8847255878697196
0	0.0
1	7.573376937254389
1	3.0291753195735414
0	0.0
1	1.4168073406015238
1	2.2680298807501176
1	6.036697678279207
0	0.0
0	0.0
1	1.38585161613759
1	6.979029654714832
1	7.2607464433180615
1	7.862613683291425
0	0.0
1	4.850233278007004
0	0.0
0	0.0
1	5.161395430717211
1	5.271552996841115
1	1.2537848700062648
1	3.3794855730440125
1	3.7870173309249124
1	4.537774917205269
