1	1.3956731962346716
0	0.0
0	0.0
0	0.0
1	6.463751025355566
1	7.67391435951328
1	1.4714107621045578
1	2.352156825214117
1	1.2030376844798067
1	6.059136711940757
1	8.130176371643698
1	1.4429303755038325
0	0.0
1	1.4146923743278519
1	1.0909868982583022
0	0.0
0	0.0
1	5.867441615360551
1	5.0953084019606125
0	0.0
1	8.418565846564327
1	6.744572899047328
1	7.362237732313666
1	2.9498249755393857
1	1.3392589425831063
0	0.0
1	8.487229119722153
1	3.0413698480104974
0	0.0
1	6.339529164268486
1	3.8769348342612653
1	3.3863631245696766
1	2.604051604590199
1	1.2386135559505878
1	1.5914441599475242
1	2.6211249299075385
0	0.0
0	0.0
1	3.1594724676147052
0	0.0
1	3.4451725848098045
0	0.0
0	0.0
0	0.0
1	1.4478942709649845
0	0.0
1	1.1034385495526349
1	8.425629793612039
0	0.0
1	2.4651354013649405
1	8.212800340700243
0	0.0
1	2.4735719638176383
0	0.0
1	2.282976825312993
1	0.9423294904427504
0	0.0
0	0.0
1	1.3747740918296714
1	1.5013163796452504
1	7.025742366483937
0	0.0
1	1.2707414603595928
1	5.226690063327531
0	0.0
1	1.5774110517191362
0	0.0
0	0.0
0	0.0
1	1.1292242466744846
1	1.0573881827826126
0	0.0
1	3.1522926771418858
1	3.976141934227527
1	1.1071183777123847
1	3.4178611920690027
1	6.525323732622358
1	5.049776561185036
0	0.0
1	3.9542423196900685
0	0.0
1	3.350384789635828
1	3.6126525832223613
1	3.037363227656759
1	3.224731364009702
0	0.0
0	0.0
0	0.0
1	3.9515982949352924
1	1.4347499388878453
1	7.108350327294603
1	5.972601903693329
1	1.3114123030857217
1	4.6115890851709915
0	0.0
1	2.2772273036687793
1	1.1249799441063153
0	0.0
1	6.8155925704144416
0	0.0
