0	0.0
1	7.2983524082982205
1	8.531917450708251
1	1.332450483794255
0	0.0
1	1.0750658793508576
1	3.845200733001682
1	2.9253403705316043
0	0.0
1	1.2870990517410879
0	0.0
1	2.3261122507983862
1	1.5619423614287493
1	6.749922127373493
1	1.3114377877499388
1	3.953553794618883
0	0.0
1	7.28692893327436
1	3.09005823492065
1	3.1650395152494437
0	0.0
0	0.0
1	6.008039410791644
1	0.9360227181334844
0	0.0
1	1.274808755916161
0	0.0
1	3.05579283114598
0	0.0
0	0.0
1	7.444469051546271
1	1.546436744307532
1	2.8729890309753405
1	1.067487097082258
1	1.106829053480313
0	0.0
1	1.586033699729188
1	2.5841636294491184
1	2.897767519662879
1	5.189205500705291
1	1.2899081394800476
1	6.061033422128954
1	4.765465265062497
1	3.501482785915308
0	0.0
1	1.0592720735943484
0	0.0
1	6.2678021489184905
0	0.0
1	7.803424770354007
1	6.100540758071979
1	3.333073267769447
1	1.041915904264676
0	0.0
1	2.726743101151142
0	0.0
0	0.0
0	0.0
1	7.290343498565465
1	1.0207030989571741
1	1.0259588707165082
0	0.0
0	0.0
1	1.5169053148645713
0	0.0
1	2.6611483127503854
1	5.409901249416802
0	0.0
1	3.620874963651692
0	0.0
1	1.5809219955723237
0	0.0
0	0.0
0	0.0
0	0.0
1	2.7693535582954323
0	0.0
1	2.7983123676845705
1	1.5425979206534888
1	3.6260048227032957
1	1.456008465888286
0	0.0
1	5.004728010516519
0	0.0
0	0.0
1	7.927854012345479
1	1.0027235665760772
1	7.779894976895141
1	1.5505655152787314
0	0.0
1	6.891417531249403
1	3.6177714732637045
1	1.0222439867568125
1	6.158967870516034
0	0.0
1	0.9522451429896409
1	3.395590561575448
1	3.4872799990165673
0	0.0
0	0.0
