1	5.119665243872291
1	5.372045348591269
0	0.0
1	8.457786121114644
1	1.3161657250865555
1	6.739712134336206
0	0.0
0	0.0
1	1.5460944902889042
1	8.59550089793559
1	1.0813125236266319
1	3.359558726719563
0	0.0
1	1.4457238778832098
0	0.0
1	3.368683301425632
1	2.383228208348551
1	6.978469736469922
1	6.380661567561468
0	0.0
1	5.2916785171921985
1	3.1790861255176552
1	3.371468546845665
1	2.830470773590186
1	3.4475694562047043
0	0.0
1	3.7624234896175888
0	0.0
0	0.0
1	1.2116703751363465
1	8.509747882932809
0	0.0
0	0.0
1	3.4248367357531206
0	0.0
1	4.5559680823021855
0	0.0
1	7.3338413214805005
0	0.0
0	0.0
0	0.0
0	0.0
1	2.3420588848515718
0	0.0
0	0.0
1	1.2550318492172514
0	0.0
0	0.0
1	6.394159405727531
0	0.0
1	4.691310845154256
1	6.705769194821044
1	1.5001051041781288
0	0.0
0	0.0
0	0.0
1	1.5263741516446125
1	5.510163738878863
1	6.329559034223825
1	0.929043346460284
0	0.0
1	1.5547009899029032
1	0.994504623786134
0	0.0
0	0.0
0	0.0
1	1.2624939270038498
1	1.311903681381264
1	1.3030355210601536
1	6.443659242471655
0	0.0
0	0.0
1	8.188904387355947
0	0.0
1	3.637268752047547
1	3.9428195588656005
1	6.000242287814259
1	2.4125049244900842
0	0.0
0	0.0
0	0.0
0	0.0
0	0.0
1	2.7066671440930556
1	1.4671904676826601
0	0.0
0	0.0
1	6.256145770799781
0	0.0
1	1.1459931526623262
1	3.510247255067791
1	6.2978402385065655
0	0.0
1	3.6021505900404907
0	0.0
1	1.03892364920425
0	0.0
0	0.0
1	1.4079684589839632
1	4.669220791445251
