1	2.3505705274953526
1	6.885520455555638
1	1.4922830657798762
1	5.918425641888626
0	0.0
1	3.0150522986369164
1	7.736553878179989
1	7.36679770053595
0	0.0
1	3.09420509873681
0	0.0
1	1.0420094437023217
1	2.9569050949859044
1	1.4995364224926004
0	0.0
0	0.0
0	0.0
1	3.478452459784826
0	0.0
0	0.0
0	0.0
0	0.0
1	1.1155952362420924
1	5.784964539107166
0	0.0
1	3.0189478699208365
0	0.0
1	1.2062725143118176
1	3.865939745993479
0	0.0
0	0.0
0	0.0
0	0.0
1	5.209663062532058
1	3.2137363119647615
1	1.2810394676157681
0	0.0
1	3.7342383766057203
1	2.9517996387363197
0	0.0
1	7.655468372642399
0	0.0
0	0.0
1	2.452007098027811
0	0.0
1	5.614880201216047
1	5.4447512362872175
0	0.0
1	8.40598576735846
1	4.725516883235084
1	3.592140320360379
0	0.0
1	2.7733316452217527
1	1.5668026738372411
1	5.756451935017186
1	0.9351207190190807
1	6.2675496878856
1	4.567486163837023
1	1.2806315217044024
1	2.9947556488042046
0	0.0
1	3.611978055228534
1	8.576814978809796
0	0.0
0	0.0
1	3.5288024020560695
0	0.0
1	3.226619843288868
0	0.0
0	0.0
1	0.9863684205614075
1	1.5577475377888628
1	4.468533941748597
1	3.679156105547991
0	0.0
0	0.0
1	2.985760811714322
1	1.383567309865855
0	0.0
0	0.0
1	7.053482242992942
1	7.466986617096562
1	1.4587171697775108
1	4.50566691553885
0	0.0
0	0.0
0	0.0
0	0.0
0	0.0
1	8.525935568155017
1	8.453166004368724
0	0.0
1	1.1396051148844735
0	0.0
1	1.2840269930407082
1	2.696514906091873
1	8.173200868601112
1	2.649318884142734
1	6.772427302670378
0	0.0
