0	0.0
1	8.089766241242183
1	3.576228691007038
1	3.300939688758043
0	0.0
0	0.0
1	1.0308080186025181
1	2.513606753193882
1	3.007176743407759
1	1.0186875667320365
1	2.931061442590042
1	2.459792537328953
1	3.3537450409847533
0	0.0
1	7.913978966959351
1	3.227914427442628
1	4.673552816521953
0	0.0
1	6.030400545544792
0	0.0
1	7.874686628848237
1	2.695045391234495
0	0.0
1	1.31420233927183
0	0.0
0	0.0
1	8.377265187862799
1	5.704078557052399
1	3.3325498036939343
1	1.0770776996999547
1	3.0136351966092065
0	0.0
1	3.0121946189215265
0	0.0
0	0.0
1	1.5832293346846105
0	0.0
1	1.2013542499864203
1	1.2471480211176682
1	1.2777237968524164
0	0.0
1	2.7182899673570553
1	1.0132188411172007
1	3.6860534567252885
0	0.0
1	6.394080287995287
1	2.8904616028694856
1	3.130293391171128
1	1.3633891657511819
0	0.0
1	3.046232506188648
1	1.1126894382726595
1	1.5590154239257474
1	1.5199631515671874
1	3.34534718650912
0	0.0
0	0.0
1	2.3620160598727904
1	2.5742949902815178
1	3.749134896118458
0	0.0
1	1.5079508932561487
1	2.7425461083653238
1	1.2018448106845652
0	0.0
0	0.0
0	0.0
1	3.1989290781035766
0	0.0
0	0.0
1	1.221822633913113
1	2.6046433568697345
1	1.4722552588595588
1	1.2364566031046427
1	4.625316416226288
1	0.9293725179520326
0	0.0
0	0.0
1	3.5146405966267062
1	1.1181344821344976
0	0.0
1	7.521437027687493
0	0.0
0	0.0
0	0.0
1	5.050648917754707
1	0.9364742625672932
0	0.0
0	0.0
0	0.0
1	2.749832298359774
1	2.449991290969191
0	0.0
1	7.485215758179258
1	4.573038282562696
1	2.886402265658374
1	3.029942661079889
0	0.0
0	0.0
1	7.177862242384914
