1	3.6959474205459806
0	0.0
0	0.0
0	0.0
1	6.32872070756209
0	0.0
0	0.0
0	0.0
1	3.6218583544894507
1	6.794750673123996
1	1.4761918221258328
1	4.872294287730699
0	0.0
1	5.9617537327616565
0	0.0
1	1.4878406715496793
1	6.087054135586387
0	0.0
0	0.0
0	0.0
1	8.561929917098368
0	0.0
1	1.2910685823423274
1	2.3024621241028824
1	5.593881613394886
0	0.0
1	1.4321311542473576
1	3.9631991451769193
0	0.0
0	0.0
0	0.0
1	8.511848994785117
0	0.0
1	0.9590498340507833
1	1.1940151840462256
1	7.6943696395325105
1	2.770568946284649
1	4.544412297072321
0	0.0
1	3.001692758828089
0	0.0
1	8.36784124385285
1	2.971407568545677
1	6.081231259040575
0	0.0
1	1.3438643776794361
1	6.690871383077113
0	0.0
1	8.006248362539296
1	3.0709290604273103
0	0.0
1	3.2536093569742
1	1.2142662781877651
1	7.29270753197982
0	0.0
0	0.0
1	6.25951143403096
1	5.692083123689559
1	5.42349059653049
0	0.0
1	1.3753730108981066
0	0.0
1	6.594995709969953
0	0.0
1	3.256593925724914
1	1.3001149667894265
1	6.223382319918352
1	7.725725033350094
1	7.980731584160067
1	5.994477404003424
0	0.0
1	3.21583636929239
0	0.0
0	0.0
1	7.170551943815133
0	0.0
1	6.250329033586052
0	0.0
0	0.0
0	0.0
0	0.0
1	2.9033689289402016
1	1.3983782342528426
1	6.23237251270941
1	3.1916440622991233
1	1.2629545770352046
0	0.0
1	4.559360125806589
1	2.8325069647499497
1	3.4345509011709363
0	0.0
0	0.0
0	0.0
1	3.8430157286240143
0	0.0
0	0.0
1	1.0927889550766663
1	5.921704082738109
1	7.614079995179457
1	1.2708722168630384
