0	0.0
0	0.0
0	0.0
0	0.0
1	3.7991905184078028
1	6.494106620959004
1	4.632101244918742
1	6.31882721816097
1	8.025503399288361
0	0.0
1	1.025170849360467
1	6.246089656436791
1	1.2168645291077214
0	0.0
1	1.193187111555777
1	5.40238662710298
1	3.5894434570557485
1	7.743163527159237
0	0.0
0	0.0
1	1.4151811120985722
1	5.948916783785992
1	1.3463672541277467
1	0.9068096212459598
1	6.4357280171266105
1	5.92152615273496
1	5.631061887554698
0	0.0
1	3.941493028603963
1	1.5444285598051817
0	0.0
1	1.5448902232376147
0	0.0
1	1.5135007769946025
1	1.0437558217343919
0	0.0
0	0.0
0	0.0
0	0.0
1	8.048525306832786
1	1.1491349315166568
1	7.127147514359089
0	0.0
1	1.2066976480090958
1	1.2410451400043452
1	1.0622698900927054
1	1.2606837968752744
1	2.569971230367115
0	0.0
1	1.1584765722563897
0	0.0
1	3.575690854194768
0	0.0
1	5.663720309875042
1	1.4322358879089503
1	4.471418971850969
1	7.604164156185375
0	0.0
1	0.9760511191366082
0	0.0
0	0.0
1	3.964610152405599
1	3.2385909003740383
1	3.691496264476414
0	0.0
1	7.9649342380949735
1	7.177186988965958
1	4.625688625980016
1	6.046086015702236
1	3.7749653410135977
1	8.439892113299125
1	3.8017423995692043
1	2.7856331816427464
1	3.3529549926381597
1	7.3020835570695155
0	0.0
1	1.3022062009467468
0	0.0
1	3.2556734486790786
1	7.6341112120420656
0	0.0
0	0.0
1	3.7675849341766066
0	0.0
0	0.0
0	0.0
1	3.6132516789716065
1	1.4632407839555706
0	0.0
0	0.0
1	1.2027423095427334
1	3.8962676059740753
1	7.109111968099918
1	1.0505897416199934
1	8.298552799680785
0	0.0
1	1.3655765469410843
1	4.58927288240201
1	1.5480288505082171
0	0.0
