1	7.048115882832702
1	6.0401991417660295
0	0.0
0	0.0
0	0.0
1	1.4531763436945644
0	0.0
0	0.0
0	0.0
1	3.154873924856156
1	0.9251267822881689
0	0.0
1	1.0391210438503724
1	3.3074828570205184
1	5.794976366010043
0	0.0
1	3.040178942187963
1	5.05652974567052
0	0.0
1	1.1902688312227663
1	5.3918436383096235
0	0.0
0	0.0
0	0.0
1	2.8962869096257777
0	0.0
1	1.2762886998605416
0	0.0
0	0.0
1	3.770471206741162
1	1.003859085227874
1	7.377749775478534
1	2.781212099489035
1	8.163352784476446
1	2.360086708606781
0	0.0
1	3.6112956330963435
1	7.388064350719951
0	0.0
1	1.5395008668788046
1	3.9382516390635662
0	0.0
1	3.1185901173739294
1	2.990108418471113
0	0.0
1	2.34096769401115
1	8.189284097638074
1	3.5062778490074824
0	0.0
0	0.0
1	2.933948981326202
0	0.0
0	0.0
1	1.2231242115195986
1	4.87129707723252
1	3.205057875326692
0	0.0
0	0.0
0	0.0
1	1.4767509325142116
1	1.0872704026712794
0	0.0
1	3.6206679232268937
0	0.0
1	2.558547334831482
1	2.9757716066364543
1	2.491103793438285
1	1.2214419539467691
1	3.8594191474128343
1	1.1035134062844283
1	7.323163782038579
1	3.8953059952415106
1	1.2568610972427119
0	0.0
0	0.0
0	0.0
0	0.0
1	3.928038274806844
0	0.0
0	0.0
1	5.843123931651908
1	3.9856270931171425
1	0.9888672124125735
1	5.144044572939529
1	1.2528554595065127
1	1.3937775084529513
0	0.0
1	3.95225348237153
0	0.0
1	3.973379551935074
0	0.0
1	0.9211680399370459
1	3.256142418535792
1	3.3456974199127707
0	0.0
0	0.0
1	0.9901422220584682
0	0.0
0	0.0
1	2.8898866185115013
