1	0.9616549101737292
1	1.3728791391592137
0	0.0
0	0.0
1	5.098265897729832
1	1.1293368751146553
0	0.0
0	0.0
1	3.977874542531861
0	0.0
1	3.299558863706757
1	7.800231169071181
0	0.0
1	8.464345786772721
1	7.9118430055953874
1	3.092834830813539
0	0.0
1	1.2751675431585205
1	8.1496742333101
0	0.0
0	0.0
1	1.405474731878292
1	4.470976928397267
0	0.0
1	6.009654947843428
1	1.104167305347621
1	3.7588731607175863
1	0.9268751222311504
0	0.0
1	0.9958528745009698
0	0.0
0	0.0
1	2.5591853400219335
1	1.414843692316242
1	8.250836207070558
0	0.0
0	0.0
1	2.520852463954815
1	0.9980832453332792
1	1.4707485432412772
1	2.6998293941487965
0	0.0
1	2.7656596322672993
1	1.2817721733827794
0	0.0
1	5.498021643587151
1	0.9544482796768666
1	2.9171744794265724
0	0.0
1	5.834032980512101
1	6.341386375714073
1	5.202407878464476
0	0.0
0	0.0
1	7.10914931682573
0	0.0
1	1.5731935206634464
1	3.6954660376491595
1	6.068926009700084
1	4.792768058067067
0	0.0
1	7.275240765690275
1	2.762389814712034
1	6.5440420001216975
1	0.9585863236391959
1	1.0936919514500474
1	3.7593192287818846
1	1.4204880548011776
1	8.496608938845966
0	0.0
1	6.8628184839784465
1	3.5537487824122196
0	0.0
1	2.6851277913965164
1	1.0847860334641872
0	0.0
0	0.0
1	3.220985323888628
1	1.2289189386404602
1	3.9598748574157523
1	1.0359293064859494
1	1.432456275363215
1	1.539057509234174
1	1.251248318714718
1	4.630862087787495
0	0.0
1	3.2354446824941134
1	3.3224319220443586
1	5.388684007292209
1	8.242176017327626
1	3.2139259206538364
0	0.0
1	3.2875736438959335
0	0.0
1	6.548091694804622
1	6.405599096784129
1	3.2190012863006374
0	0.0
1	3.3207237079950813
0	0.0
