1	2.952497459647896
1	0.9310133558631623
0	0.0
1	2.951554210235094
0	0.0
1	3.1925938578720325
0	0.0
1	4.78614509918517
0	0.0
0	0.0
1	3.1073815426428117
1	2.309372771506524
1	5.3754929327533265
1	2.7563868100709144
1	3.414702755287143
1	1.381360119090055
0	0.0
1	4.843867165807476
1	8.084612628851533
1	1.484914022344595
1	1.1729937152544785
0	0.0
1	5.605723359516691
0	0.0
1	2.392270985357161
0	0.0
0	0.0
1	5.213912210473542
0	0.0
1	1.4917379578566918
0	0.0
1	3.7165031133789066
1	2.870192911782641
0	0.0
1	1.4874176605386342
1	1.260147120616935
0	0.0
1	1.4788106984534521
1	8.335983439689333
1	7.061194941015412
0	0.0
0	0.0
0	0.0
1	3.9147767251214782
1	6.519987452495792
1	1.2835418607695854
1	3.0800837371321146
1	1.0166089506933602
1	5.4611931997153516
1	0.9546220463231866
1	1.1326245795272385
0	0.0
1	0.9388521820460738
0	0.0
0	0.0
1	1.5191530562113726
0	0.0
1	1.2334123093016158
1	1.0756028686045285
0	0.0
0	0.0
0	0.0
1	6.284979152586166
1	1.526749037565355
1	8.487609697706809
0	0.0
0	0.0
1	6.1025960635037615
1	2.2843046758770047
0	0.0
1	5.527417711223961
0	0.0
0	0.0
1	6.059959118858424
1	3.0671944630624783
0	0.0
0	0.0
1	3.1580556545557643
1	5.98507404147419
1	2.8079996309240163
1	1.3954371591752643
0	0.0
1	2.787837644200503
1	1.3981015513840398
1	1.3614110189539534
1	8.315618877873293
1	0.9895359841616058
0	0.0
1	3.875844544515004
1	1.4392162448959733
0	0.0
1	1.2050631809008232
1	2.579419192464226
0	0.0
1	1.0771135225725224
0	0.0
0	0.0
1	1.2038936660165664
0	0.0
0	0.0
