0	0.0
0	0.0
0	0.0
1	0.9356752119595734
1	1.0044204325885588
1	1.1621337209261706
0	0.0
1	1.15023716241279
1	1.56793858264361
1	1.0072679733939633
0	0.0
1	5.338620334174129
1	1.1352640635062103
0	0.0
1	0.933620088165633
1	1.3960179915042024
1	2.9966574035528026
1	1.5272879020468566
0	0.0
0	0.0
0	0.0
0	0.0
0	0.0
1	2.3207872328223567
1	6.96801190661932
1	3.4910137823848677
1	3.734542993236745
1	7.527730081642838
0	0.0
1	5.885307244878286
1	1.415670926385984
1	8.288694028962556
1	3.4617372099137227
1	2.504811156407034
1	5.411415450934118
1	1.116675307262476
0	0.0
0	0.0
0	0.0
1	2.584828169705504
1	3.9463401679382395
1	6.733103845591298
1	2.547812534978603
1	8.375415842496567
1	2.373471950763091
1	8.268986935549561
1	3.723962665912657
0	0.0
1	7.9690843044122195
1	0.9233777143364491
0	0.0
1	2.3374653449157052
1	3.0257857187656745
1	8.153645363397093
1	3.4102241695694544
0	0.0
1	3.173149290247587
0	0.0
0	0.0
0	0.0
0	0.0
0	0.0
1	1.4920434241893972
0	0.0
1	2.2758831548592147
0	0.0
1	1.3151929701410237
1	3.398944569977975
1	3.986735708367319
1	8.062608782639336
0	0.0
0	0.0
1	1.1168300988695017
1	1.0706895214858263
0	0.0
1	1.3530314009227244
1	6.314444784569617
1	3.7698444880196185
1	6.104463901900386
1	3.3087277967468145
0	0.0
1	2.3148987973790565
1	1.5854855771072893
0	0.0
1	3.2938024401859516
0	0.0
0	0.0
1	2.594006165375945
0	0.0
1	3.3321734959463862
1	5.138128410676058
1	2.78710415965889
0	0.0
1	5.055981131607892
1	1.030029140455118
0	0.0
1	3.1709824770644057
0	0.0
0	0.0
0	0.0
