0	0.0
0	0.0
1	1.3530690494668742
0	0.0
1	0.9239812581167157
1	1.046820430855329
1	2.4404869079234905
1	4.564318987078327
1	3.7037245485355372
0	0.0
0	0.0
1	2.5118715836494623
0	0.0
1	2.765895691668447
1	3.7280989144000483
1	1.2800566627598036
1	0.9078126653905408
1	1.251043893053823
0	0.0
1	3.652535422645066
0	0.0
1	8.498160903700834
1	5.66022706262691
0	0.0
1	3.244317555227688
0	0.0
1	6.136034590800526
1	6.672310412153494
1	1.0283561460267372
1	2.2683824218339357
1	5.286004402569295
1	0.9335966574223006
1	2.9371239231087345
1	1.3708835409755693
1	2.3993250923235196
1	4.692714835944718
1	1.0441353880572128
0	0.0
0	0.0
1	3.6085320481240153
1	3.664892838299958
0	0.0
1	3.3299764912248517
1	6.174278385439687
1	6.130636251665601
0	0.0
1	6.6005235859335105
1	3.4405743440439682
0	0.0
1	6.315573553008416
1	5.179860590735656
1	6.7425710083058075
1	2.4232480234446006
1	3.5146714483162467
1	8.328717367013187
1	8.29412592663708
1	1.5895985832187471
0	0.0
1	3.7661074360482454
1	1.510023903466117
1	6.489302231900874
0	0.0
1	0.9238655379800106
0	0.0
0	0.0
1	1.5287603250637103
1	2.7416120046105523
0	0.0
0	0.0
0	0.0
1	3.6509725590724478
0	0.0
1	8.114828218439397
0	0.0
1	3.86920356358031
1	5.889061944750813
1	1.0500038682744481
1	1.5174428760328675
0	0.0
1	5.603525690265681
0	0.0
0	0.0
1	2.659027408971584
1	7.502966562370328
0	0.0
1	5.290119213420931
1	3.038791227470033
1	2.3626624862643593
1	6.180680587138188
1	3.7188215187641513
1	0.9301558217791634
1	1.2088789931833084
1	1.3041583089214437
0	0.0
1	5.175629662623324
1	2.815089106446669
1	1.4759274934523288
0	0.0
1	1.4837080359981671
0	0.0
