0	0.0
0	0.0
1	1.2729575819139893
1	3.675494339708823
0	0.0
1	1.1426959237646854
1	4.627562505587151
1	3.585584196936106
0	0.0
1	3.085867275691382
0	0.0
1	1.572306159851581
0	0.0
1	1.2957891416090073
1	8.236561276837518
0	0.0
0	0.0
0	0.0
0	0.0
1	4.864477357663436
1	5.771830988820856
1	2.5013909468875912
0	0.0
1	7.244896288607713
0	0.0
0	0.0
1	3.585225005093627
1	3.8349188334929893
0	0.0
0	0.0
0	0.0
0	0.0
1	1.5729504789008897
1	7.466893667108594
1	5.449997691886478
0	0.0
0	0.0
0	0.0
1	8.500978165466123
0	0.0
0	0.0
1	2.28350633860373
1	1.0773848788709581
1	3.20396065317897
1	1.5953032437134933
1	1.1123515511765159
1	1.1133473959442144
1	1.0153255636200789
1	1.5564137344155147
0	0.0
1	8.41676312241246
1	2.276541828642597
1	2.3703607270010556
0	0.0
0	0.0
0	0.0
1	1.0140226639755519
0	0.0
0	0.0
1	7.932861849749309
1	1.091510079881933
0	0.0
0	0.0
1	4.636517968151602
1	1.2574999846365786
1	6.951637121836861
1	3.1101802084236607
0	0.0
0	0.0
0	0.0
1	8.032936324811757
0	0.0
0	0.0
0	0.0
1	3.128763827382619
0	0.0
1	2.3017937670167608
0	0.0
1	1.1826966715737932
1	1.0134367146007126
1	2.6092946828263743
1	2.650640318379086
1	1.0548913940047142
1	1.5174963896792035
1	2.632541470577511
0	0.0
1	4.780298317530886
1	2.886245316545136
1	3.8898109814158355
1	5.202747252122727
1	0.9410734726239349
1	2.711733008365342
1	1.0184246697014376
1	0.9360573949169072
0	0.0
1	8.274600677508376
0	0.0
0	0.0
1	5.609787900378251
0	0.0
