0	0.0
0	0.0
1	5.808948849965068
1	1.5020296893869824
1	2.8889883151381834
1	1.153244967481598
0	0.0
1	5.3525230007827735
0	0.0
1	1.541552271048496
0	0.0
1	0.9805828282552942
1	4.801270499105467
1	7.937622100453635
1	3.094476918633582
0	0.0
0	0.0
0	0.0
1	1.3392747087342158
1	3.4600715723600253
1	4.852154255006724
1	0.9271053700875869
1	0.912418026878892
1	5.489671492038372
1	3.977768355056327
1	0.9298980679446686
1	1.2849407947748324
1	5.619015035602204
0	0.0
1	7.156540286265453
1	1.3280032438668687
0	0.0
1	6.481296028207158
1	5.684821718521918
1	5.257399471851923
0	0.0
1	5.415678136766611
0	0.0
1	3.3028656301925823
1	3.1622723511343658
1	1.248375264027894
1	7.810280081118393
0	0.0
1	4.972416496051995
0	0.0
0	0.0
1	1.5358371407872786
1	2.614120700171652
0	0.0
0	0.0
1	1.366140602623413
1	3.3265249660378453
0	0.0
1	1.0632703461742916
0	0.0
0	0.0
0	0.0
1	1.494132785863044
1	2.4400453164331175
0	0.0
1	0.924557577437159
1	2.814007371396956
0	0.0
1	1.1445166479539064
1	4.629891842444067
1	6.81618188953783
0	0.0
1	8.399258547572483
0	0.0
1	7.877184689596106
1	5.014062910161858
1	2.359201247656742
1	1.0657051715618566
1	1.5838454320151185
1	3.637007660625061
0	0.0
1	5.613926890501574
1	1.1422680236342009
0	0.0
1	2.7156884470591667
1	2.8576504824490945
1	3.266737954571076
0	0.0
1	1.4327892483196627
1	7.232966043561798
0	0.0
0	0.0
1	1.1253089377121148
1	2.675476189345118
1	1.160810096115798
0	0.0
1	2.7277033553584866
1	1.2486552272943876
0	0.0
1	3.3688458304850935
1	1.3000819912219894
0	0.0
1	1.136247347782564
0	0.0
0	0.0
