1	0.9365265960646518
0	0.0
1	3.034153051220362
0	0.0
0	0.0
1	7.224900015530425
0	0.0
0	0.0
0	0.0
0	0.0
0	0.0
1	1.5720907084902693
0	0.0
0	0.0
0	0.0
1	1.3990186493351127
0	0.0
0	0.0
0	0.0
0	0.0
0	0.0
0	0.0
1	6.3528216060870495
0	0.0
0	0.0
1	1.0508021905505875
0	0.0
1	3.155940869995889
1	1.010330194775375
0	0.0
1	3.1466559168091943
0	0.0
1	1.5224976277916977
1	1.223306958339343
1	0.9789101831419712
1	0.93423709800909
1	1.3572275356240247
0	0.0
1	1.4227983831076596
1	5.861824567089549
0	0.0
1	3.7532166866098957
0	0.0
1	1.0136055356302407
1	1.1870912183578186
0	0.0
1	3.9963091879155983
0	0.0
0	0.0
0	0.0
1	1.2530635728302975
1	6.674435313677132
0	0.0
1	1.4597244705940287
0	0.0
0	0.0
1	7.139115755540795
1	3.4470635366034346
0	0.0
0	0.0
1	5.225000880264108
1	6.710627306401817
0	0.0
0	0.0
0	0.0
0	0.0
1	1.307927669403778
0	0.0
1	0.9428725291100545
1	1.2846270845099124
0	0.0
0	0.0
1	2.9356244788198858
0	0.0
0	0.0
1	1.147043531902805
0	0.0
0	0.0
1	1.594938011091772
0	0.0
1	3.6864259627020353
0	0.0
1	0.909879992128297
0	0.0
0	0.0
1	3.9352169602793716
1	3.1155067843890514
0	0.0
1	1.5491119712556736
1	1.1962432504322487
1	8.181995658053395
1	8.332627877208212
0	0.0
1	1.2506576918433785
1	1.3621356954786883
1	4.629347363917105
1	1.0396616558756884
1	3.9478465507335234
0	0.0
0	0.0
