1	1.0424977930941006
1	5.761921393052284
0	0.0
0	0.0
0	0.0
1	7.889393957761637
1	2.5996937011842816
0	0.0
1	4.595375052382749
1	3.5987275828149685
1	4.728402182690791
1	1.4101923282624007
0	0.0
1	7.856260783834949
1	2.735903345592222
0	0.0
0	0.0
1	1.185654629190161
0	0.0
1	5.604460999519596
1	3.3839790154193965
0	0.0
0	0.0
0	0.0
0	0.0
0	0.0
1	3.2090332724014745
0	0.0
1	5.727313446126629
0	0.0
1	0.9762085785486053
1	1.2338255125337367
0	0.0
1	1.2244174764285205
0	0.0
1	1.041167790055505
1	2.8461840295467993
0	0.0
0	0.0
1	3.6809664973258887
0	0.0
1	2.718793347696145
1	3.5310542420609505
0	0.0
0	0.0
1	3.727886069365984
0	0.0
1	1.267098661048749
0	0.0
1	4.76450878944634
0	0.0
1	2.6141156061813575
1	1.2775356007823406
1	3.2076727626686234
0	0.0
0	0.0
0	0.0
1	3.227514205697978
1	6.841473274970372
1	1.0133447997040745
1	1.0920972534736844
0	0.0
1	2.4301794774135854
0	0.0
0	0.0
1	1.5133082856729687
0	0.0
0	0.0
1	6.684985758747985
1	4.975398877183431
0	0.0
1	1.0658804491087959
1	5.6384951767050975
1	5.020545801461707
1	6.224045478410598
1	7.301830304330215
1	6.288576353867971
0	0.0
1	3.29845660617649
1	6.319807652756266
1	6.606705083357303
0	0.0
0	0.0
1	1.210822580388765
1	7.626724897151296
1	3.2014911358496154
1	3.403335828112767
1	1.084653461297263
1	2.576156178291972
1	8.070153746644356
1	1.214270114680823
1	1.277157582325549
0	0.0
0	0.0
0	0.0
1	1.31249286886149
1	3.750437783850836
0	0.0
1	0.9261524350588973
1	2.963692146377191
