0	0.0
0	0.0
1	0.9186283929134396
1	0.9255377672728211
1	5.277002593915671
1	2.4058200886782566
1	1.3357357239537548
0	0.0
0	0.0
1	1.4641594894984462
1	5.033904496504845
0	0.0
0	0.0
1	5.643881447848642
1	1.1682903019656705
0	0.0
1	3.3187683002930983
0	0.0
1	1.4144156580449012
0	0.0
1	5.114692512827759
1	0.9328859741617626
0	0.0
1	1.061075559311461
0	0.0
1	3.238331852896843
0	0.0
0	0.0
1	3.924488932063639
1	1.4409543689877267
0	0.0
1	2.5936119053418927
1	5.504449543517752
0	0.0
1	1.584769162593921
1	1.336090266630753
0	0.0
0	0.0
1	3.5116869206723575
1	3.7515045320034086
0	0.0
0	0.0
1	2.7843611333899605
1	2.433462283504506
1	1.1812033177407322
0	0.0
0	0.0
0	0.0
1	3.621057207300149
0	0.0
0	0.0
0	0.0
0	0.0
1	1.1912756051611195
0	0.0
1	0.992705203295645
1	1.0176240505657996
1	1.3046485159461634
1	0.927063328955013
1	3.4500539820021077
0	0.0
1	7.219442962178375
0	0.0
1	5.739430463660886
1	7.731164602784783
1	5.834059176085896
0	0.0
1	1.0160168739385416
1	5.777604788227073
1	7.039938562813234
1	3.430031659989481
1	2.3559032198306813
0	0.0
0	0.0
1	0.9126578040630164
1	2.568676193224285
0	0.0
0	0.0
1	1.0886502365359516
0	0.0
0	0.0
0	0.0
1	2.6518962169406857
1	3.1039746440016507
1	7.8502125720610225
0	0.0
1	4.647122050129218
0	0.0
1	2.8510114498150987
1	1.553679241260634
1	1.1510697414548936
0	0.0
1	3.516488557193522
1	3.107271773582539
1	3.2350442018985666
1	3.582665848431227
0	0.0
0	0.0
1	3.096808914097919
0	0.0
