0	0.0
0	0.0
0	0.0
1	3.569945807496486
1	3.1329507711669975
1	8.585996525019842
0	0.0
1	3.0069674962383646
0	0.0
0	0.0
1	1.2207841160496011
1	0.914512694461017
1	8.040445991986193
0	0.0
1	2.788633515471285
1	4.7202158508783185
0	0.0
1	6.171346402241163
1	1.596451228909609
1	5.655653138053972
1	5.509020302227028
0	0.0
1	1.0962516250093834
1	6.3314712707078264
0	0.0
0	0.0
1	5.6598989017632
1	1.4609890335566562
0	0.0
0	0.0
1	1.4413204083916384
0	0.0
1	7.555021684940296
0	0.0
1	7.000833855273229
1	3.5319606459207518
1	1.1494836804708957
1	6.262381595829246
1	8.014945577784037
1	1.1724037153423272
1	1.5095521960958278
1	7.36101189951471
1	5.739016952421158
1	1.3894668205274008
1	3.3691582724717746
1	4.522848559779696
1	2.2784777773504947
1	1.1405651246730284
1	6.9452474989391
1	2.6035003274741975
1	3.771902843490939
0	0.0
0	0.0
1	3.631478448363106
0	0.0
1	1.2692581653151205
0	0.0
1	3.200845567003393
0	0.0
1	1.5163738105352746
1	1.288577918200251
1	1.5620265439363417
1	3.5531307392657094
1	5.192107151832378
1	3.1217722064530067
1	1.2394906172951439
0	0.0
1	8.572850601795698
1	6.480152426095417
0	0.0
1	1.50490705466036
0	0.0
1	1.5971334802811965
1	0.9482047653544051
0	0.0
0	0.0
0	0.0
0	0.0
0	0.0
1	1.2026314938604639
0	0.0
1	1.097206514685039
0	0.0
1	8.379599504870482
1	6.6007974403550245
1	1.3508797010391675
0	0.0
0	0.0
1	1.098992082186185
1	1.4189957053296176
1	2.3896673564012576
0	0.0
0	0.0
1	3.1665096589191424
0	0.0
1	2.5259955870799007
0	0.0
1	1.041643426413088
1	3.9846555841867546
0	0.0
