1	1.5384643036622578
1	1.0307794089890394
1	0.9242573597084746
1	3.0298201871617523
0	0.0
1	1.0079899180295873
0	0.0
0	0.0
1	1.2810935593107278
1	8.075978266245512
0	0.0
0	0.0
0	0.0
1	4.604385278328088
0	0.0
0	0.0
1	0.9623743363188122
0	0.0
0	0.0
0	0.0
1	5.491216736527534
1	8.18301565969161
1	8.111035338693625
1	7.764947617605257
0	0.0
0	0.0
1	1.3006540690440702
1	5.669089493435417
1	1.1229002234636927
1	6.537185657156853
0	0.0
1	2.984642524964356
1	3.1202089045432566
1	0.9760834932493757
1	3.645676956082081
1	1.5831544702046085
1	1.4880342627940504
1	3.420648098855957
1	1.342861302380601
1	2.462206406599425
1	1.1282006168318077
0	0.0
0	0.0
0	0.0
0	0.0
0	0.0
1	7.039124787707973
1	3.2237717361726888
0	0.0
1	1.1325268907626247
1	6.0997147273899825
1	3.2890167315419183
1	3.2548563451227674
1	1.267913238743068
0	0.0
1	1.4231142564140642
1	2.4953427271811335
1	5.106147293669898
1	3.3634061094088157
1	2.9376471417642924
0	0.0
0	0.0
1	4.545079374655589
0	0.0
1	3.9368518983608793
1	1.5498973779142542
1	7.98849232712167
1	7.379956539252503
1	2.331577813008555
1	3.854414294215579
1	1.4872889122739288
1	5.385554959422019
1	1.0928362729005163
1	8.548850016224511
0	0.0
1	3.225820548348674
0	0.0
0	0.0
1	3.7693769744027
0	0.0
0	0.0
1	5.4843158684944555
0	0.0
1	7.56281333619708
1	6.551775710590217
0	0.0
1	2.6864077065187817
1	3.3745529945987935
0	0.0
1	8.364999098649298
1	4.568120622731435
0	0.0
1	7.181287383642319
0	0.0
1	2.6995254535418916
0	0.0
1	1.040647001498293
0	0.0
1	6.522526046110682
0	0.0
