1	1.566005447448314
1	2.718013854442576
0	0.0
1	2.552192645837894
0	0.0
0	0.0
1	6.162078748579833
0	0.0
0	0.0
0	0.0
1	3.992700685939472
1	3.246025793696862
0	0.0
0	0.0
1	3.133398415128581
1	3.7932579635384958
0	0.0
1	1.3373516339417186
1	2.4862967092453334
1	7.552606938064838
0	0.0
0	0.0
1	2.735757156699135
0	0.0
0	0.0
0	0.0
1	1.3415418733864461
1	5.232147325428417
0	0.0
0	0.0
1	2.601868248555507
1	1.0461476744287554
1	4.834669798936909
0	0.0
1	1.528650387511715
1	5.142237048526443
1	1.5954098503430232
0	0.0
1	0.9610355158191665
1	5.747665871650978
0	0.0
0	0.0
0	0.0
1	2.5308486742868332
0	0.0
1	1.136567893419997
0	0.0
1	2.7582150633747036
0	0.0
0	0.0
0	0.0
1	2.4532980594900073
1	1.4887685127144081
1	5.5719237246334785
0	0.0
0	0.0
1	1.080574197503022
1	1.0985184248501394
1	6.299153767941481
0	0.0
0	0.0
0	0.0
1	7.536706360410196
0	0.0
1	2.3167000312889754
0	0.0
0	0.0
1	4.771536246812984
0	0.0
0	0.0
0	0.0
1	2.3563294186466424
0	0.0
0	0.0
1	3.6937284969328426
0	0.0
1	1.2963563464537486
1	1.4706352896175492
1	4.521986286644513
0	0.0
0	0.0
1	2.9401963884259197
1	5.002034457928066
0	0.0
0	0.0
1	1.3041277572518375
0	0.0
0	0.0
0	0.0
1	1.5880297119577134
1	7.549071019476601
0	0.0
1	1.1241921482554202
1	1.299544222143437
0	0.0
1	3.113209695944975
1	1.5868238197197324
1	1.3977284590120984
1	4.930109859401236
1	3.946007794025489
