0	0.0
1	4.986693315606282
0	0.0
1	8.01794635190034
1	4.733711942095609
1	8.393494132244056
1	3.7526481873622783
1	4.67316794138963
0	0.0
1	3.6570490696353573
0	0.0
0	0.0
1	1.0121816180115804
1	2.628621615742063
0	0.0
1	3.9535644046566736
1	5.600542025858
0	0.0
0	0.0
1	0.9472405466745306
0	0.0
0	0.0
1	5.480252574354046
1	1.067293761044498
1	1.3482464885891337
0	0.0
0	0.0
1	3.4067758560057633
1	1.3389854668268573
1	3.734476440066329
0	0.0
0	0.0
1	0.9650253730377868
1	1.1391309472966267
1	2.7867541183584206
0	0.0
1	5.764107031828988
0	0.0
0	0.0
0	0.0
0	0.0
1	8.568635431815434
0	0.0
1	7.374759220435362
0	0.0
1	6.712654871326034
1	7.418728647370628
1	8.588174806602598
1	1.374485312554917
0	0.0
1	2.81251250298961
1	3.1193683839347255
1	2.74717475271561
0	0.0
1	2.353682446410425
1	3.259456806471142
1	7.7751090366165
1	7.555940969594738
0	0.0
1	4.568802736964623
1	2.5261596204049526
1	6.198741904739651
1	4.766596851129573
0	0.0
0	0.0
1	1.475842794558937
1	1.3553915345507646
0	0.0
1	8.364326524334045
0	0.0
1	8.399279215631054
1	1.2494172882785057
0	0.0
1	5.6350911258138145
1	1.097062083562463
1	1.5606529578717199
1	6.285358960989866
0	0.0
1	2.839360007247046
1	1.1807498162386425
1	1.3106810698011304
0	0.0
1	1.3408097461523214
1	7.539523037293957
1	1.403116937724897
1	2.441316275558544
1	3.2538429731647582
1	1.3697559004759867
1	2.468012786308366
1	3.723059301922903
0	0.0
1	0.9338052093269597
0	0.0
0	0.0
1	2.9019266202888976
0	0.0
1	3.8943671857727904
1	1.0475785920693552
1	7.816216709425435
0	0.0
