0	0.0
1	3.793389359672615
1	1.158942786146991
1	1.1569509012921764
1	1.0405562543212148
0	0.0
1	1.419044614926011
1	1.4820811966781275
1	5.905820773518163
1	5.742008082726097
1	3.5978039897904104
0	0.0
1	3.4550216620127587
0	0.0
0	0.0
1	4.995730802033066
1	7.690641153511326
1	2.5047046689737784
0	0.0
0	0.0
1	7.568070945910333
0	0.0
1	6.611407654930891
1	1.3408361120138124
1	2.786637955355393
1	1.0049482623300672
1	2.344141713535612
0	0.0
1	3.480545933101509
0	0.0
0	0.0
1	3.8377576968645557
0	0.0
1	1.0693476050927
0	0.0
1	1.1370887557466092
0	0.0
1	1.1043686141303048
0	0.0
1	1.509748409140184
1	2.6664288445949706
1	3.712326226521676
1	8.592987946758182
0	0.0
0	0.0
1	6.694017615690069
0	0.0
0	0.0
0	0.0
0	0.0
1	7.555874241153923
0	0.0
1	8.396909168903498
0	0.0
1	6.461849650544794
1	4.865442137058118
1	3.965538572022591
1	4.927771551154315
0	0.0
0	0.0
0	0.0
0	0.0
0	0.0
1	3.688912022882901
1	1.4352004290810618
1	7.755661567111153
1	6.5848302824039004
0	0.0
1	1.4813029224067122
1	1.343106189992365
0	0.0
0	0.0
1	6.916039611161808
1	6.744103206473798
0	0.0
1	6.629674378499614
0	0.0
1	6.087748195639977
1	7.342949729602338
1	1.4511091649798709
1	8.366472080448588
1	5.66300286802803
0	0.0
1	2.6882987718649276
0	0.0
1	3.68126315876881
0	0.0
1	1.2162435665480822
0	0.0
1	0.9973005820247014
1	5.400674402785709
0	0.0
1	1.3517809340494753
1	1.3323731045363951
1	5.713401862960622
1	3.5968142510007
1	3.983222779758953
1	6.118679074172126
1	7.3252255538743505
1	6.746302612091844
