1	7.396588126466425
1	3.451104938621968
1	7.019830341680085
0	0.0
0	0.0
0	0.0
1	1.1068702456998145
1	1.5103284377539317
0	0.0
0	0.0
0	0.0
1	0.9611455650744982
1	3.3437728378524403
1	8.4956944198216
1	7.7567014624171025
1	1.3510010546075728
0	0.0
0	0.0
1	1.4176553820004032
1	3.212880223672565
0	0.0
1	2.6491001673446894
1	1.4107152511281584
0	0.0
1	1.5206224785731393
0	0.0
1	2.749292900302156
1	7.621086337168599
1	4.480288146112611
1	5.330231198540005
0	0.0
0	0.0
1	5.346308060256525
1	2.967240381271116
1	2.888680993596685
1	1.1526170349243263
0	0.0
1	1.0800504066765133
1	5.714566306286651
1	2.6401770730601095
0	0.0
0	0.0
0	0.0
1	3.6529089094876337
1	1.1771380050798061
1	0.9752716740786338
1	1.4073299079914738
1	0.9849206939899972
1	4.622627701416125
0	0.0
0	0.0
1	3.1990119519044504
0	0.0
0	0.0
1	3.156378491625177
1	1.002143572829267
1	1.11126753066837
0	0.0
1	2.3800133632350478
0	0.0
1	6.111947739051983
1	5.949150554583369
0	0.0
0	0.0
0	0.0
1	3.3971112682676967
1	3.2553666155354986
1	1.432324757436883
1	2.277794165155375
0	0.0
1	0.9847325043767611
1	2.291856444856819
1	2.858379737871728
0	0.0
0	0.0
0	0.0
1	7.8592865674083985
0	0.0
0	0.0
0	0.0
1	1.0278362465764281
1	3.186664863830553
1	2.310339019984327
0	0.0
0	0.0
0	0.0
1	3.11574618076898
0	0.0
0	0.0
0	0.0
1	2.300927014556004
0	0.0
1	8.531430812924029
1	1.4854266208842088
1	2.7429952663604555
1	2.9896130991396754
1	3.972934785044232
1	7.907951194293662
0	0.0
1	7.041158069656723
