1	2.449185027811689
1	2.3593180268551444
0	0.0
1	1.261574165121909
0	0.0
0	0.0
1	3.6724277791224775
0	0.0
1	1.5716040740352613
0	0.0
1	0.9167821543585365
1	1.4774500029861328
0	0.0
0	0.0
1	6.510228203024925
0	0.0
0	0.0
1	5.5003016887837815
1	1.0038935808969276
1	7.965211951964986
1	2.7900430351213035
1	3.833861038081269
0	0.0
1	2.873822699768067
0	0.0
0	0.0
0	0.0
1	1.0125242108529005
1	1.1901980613480108
1	1.2094481980343186
0	0.0
0	0.0
0	0.0
1	2.885693852616931
1	3.422877828273051
1	8.32909387199063
1	2.3263613728088743
1	1.4206926643205988
1	1.5917986059333393
1	0.9240982229708008
1	1.2806977593615625
1	2.8750716052854646
1	1.2232569596354197
0	0.0
1	8.425325498415779
1	3.8131957809081976
1	1.0013259218404083
0	0.0
1	1.190587459178644
0	0.0
1	6.265467592378734
1	2.6550278305018398
1	1.3518665402903438
1	7.708328315281218
1	1.4593048400616984
1	1.0046810681108587
0	0.0
1	2.400803951047084
1	6.822861735844056
1	2.6737125999257954
0	0.0
1	3.814314450643532
0	0.0
1	5.0464769549352875
1	2.6509710850556845
0	0.0
1	3.5845599345185017
0	0.0
1	2.7526704637293147
1	2.905767902888143
0	0.0
1	2.452453894619005
1	5.792473750304885
1	3.451752315761486
1	3.191519928642059
1	1.1066425466810679
1	8.272189845876037
1	7.179284301974269
1	5.30327617147402
1	3.9525598002553055
1	1.3886370687742233
1	3.196836317033859
0	0.0
1	3.430423333142557
1	1.498924448016015
0	0.0
1	1.0709926510880439
0	0.0
1	1.5182973364994847
0	0.0
1	3.6134817725921744
0	0.0
1	1.1501639470097889
1	2.6125252482478936
1	1.0232776566632413
0	0.0
0	0.0
1	1.5156066073235785
1	3.2765660644443724
0	0.0
