0	0.0
1	5.168800435843494
1	1.3977815495739772
1	2.962546341660479
0	0.0
0	0.0
1	1.4576559993813376
1	6.00775890045683
1	2.307832009160733
1	1.3674818313630523
1	1.3744453400325392
0	0.0
1	1.4916208754881142
1	3.25812548502592
1	1.3876689669506201
0	0.0
1	1.0795054616271242
0	0.0
1	3.8658362491834803
1	1.2900817330830487
1	4.768919630194761
1	2.574014375559221
0	0.0
0	0.0
0	0.0
0	0.0
1	3.3845405057498787
1	1.1499678051520967
1	7.275812896222994
0	0.0
1	1.2255860101959004
1	5.219669258026284
1	1.5297302946897773
0	0.0
1	6.9803789696642395
1	7.479624788120955
0	0.0
1	1.510745315735262
0	0.0
1	7.582694765670154
0	0.0
1	7.728128419286677
1	1.3907296708131511
0	0.0
1	2.4571918265506154
1	8.27642072781351
0	0.0
1	1.3250280992716936
0	0.0
1	6.858102272544375
0	0.0
1	3.3043685518746133
0	0.0
1	7.107310319437438
1	3.538941031256239
1	8.5293693989434
0	0.0
0	0.0
1	1.2248760686648867
1	7.933730938485842
0	0.0
0	0.0
1	1.2370224123033635
1	1.4996421019198696
1	1.5053421643372507
1	3.8370514889397165
1	7.6917177068441775
1	1.2581686322528571
1	5.213551737791384
0	0.0
1	3.144192564282571
1	1.475324640392548
0	0.0
1	1.5539550221088536
1	6.489609066714293
0	0.0
1	3.0624406142426897
0	0.0
0	0.0
0	0.0
0	0.0
0	0.0
0	0.0
0	0.0
0	0.0
1	5.3748713893513225
1	8.37221705712402
1	6.827579847181115
1	5.816829443616986
0	0.0
0	0.0
1	1.300482848329862
1	1.2337031358789936
0	0.0
1	1.126413052552813
1	0.9717641621974621
0	0.0
0	0.0
1	1.20724611316637
0	0.0
