0	0.0
0	0.0
1	1.2446949499909152
0	0.0
0	0.0
0	0.0
0	0.0
1	8.049779702628953
1	3.7886470423346905
0	0.0
1	6.990530920905762
0	0.0
0	0.0
1	3.133114357607954
1	2.8175925906302908
1	8.37873376669704
0	0.0
1	1.3315602603422634
0	0.0
1	2.6915086996253836
1	2.745943368473555
1	4.8253592190117836
0	0.0
1	7.1818205541390965
1	1.1256983181092792
0	0.0
1	3.5064454264734324
1	7.202528241320549
0	0.0
0	0.0
1	2.343328393435179
1	1.2792778658071695
0	0.0
0	0.0
0	0.0
0	0.0
1	7.852275678157778
1	2.9227799375226424
1	1.1404104597814932
1	7.08044397599499
1	7.191505348576342
1	6.931859458812102
0	0.0
1	1.3134124725508447
1	3.9929796201659293
1	0.9318367048521236
0	0.0
1	0.960200950007317
0	0.0
0	0.0
1	3.802456534192267
0	0.0
0	0.0
0	0.0
0	0.0
0	0.0
0	0.0
0	0.0
1	1.5705082828687549
0	0.0
0	0.0
1	7.685900469402827
1	2.9714154667540225
1	3.8229244965140143
1	6.376069701170498
1	7.3199061381524775
0	0.0
0	0.0
1	3.872778012418537
1	2.7391310994697213
1	3.673939150495504
0	0.0
1	3.7503036673403085
1	1.068129159304477
0	0.0
1	5.802631983250968
0	0.0
1	2.763989040730711
0	0.0
1	1.4403017730763183
0	0.0
1	1.1443059832096956
1	1.0880300620336654
0	0.0
1	3.5759160736041045
0	0.0
1	1.1556896724804344
1	6.81318309420656
1	7.697168369788359
1	3.5155288308629284
0	0.0
0	0.0
1	8.20064947507155
1	1.4146607067548294
1	6.390650593704547
1	1.4607184840404104
0	0.0
0	0.0
1	1.5575363655370076
1	3.260726471749082
