0	0.0
1	5.710806823468477
0	0.0
1	5.0000262546987475
1	8.45369748082542
0	0.0
1	4.579030719918752
0	0.0
1	3.8709119400218963
0	0.0
1	7.8602534150519014
1	1.279617003270428
0	0.0
0	0.0
1	1.55127809459041
0	0.0
0	0.0
1	1.0926743532646932
1	2.927247056471191
0	0.0
0	0.0
0	0.0
1	3.890918105017368
0	0.0
1	1.2529195071648798
1	2.525806930766768
0	0.0
1	1.2356531389237677
1	2.433939043308026
1	1.0334447070925026
1	4.846708574137263
1	2.6518585561701586
1	8.00923065516892
0	0.0
0	0.0
1	4.871933894892565
1	1.2747905958915275
1	2.3395152274971287
0	0.0
1	1.1573698769394842
1	6.228068798592156
1	3.969156288032456
1	3.059984465585371
1	1.0948884075002614
1	2.8213790346902035
1	7.879289339596864
1	5.032328603454077
0	0.0
1	1.241534221601809
1	2.931765088460798
1	6.894199309560726
0	0.0
1	3.475367894409199
1	7.142548927375484
0	0.0
1	2.5105924715347756
1	1.2455661972736651
1	1.1359553284653705
0	0.0
1	8.104931254380256
0	0.0
1	3.626663977965627
1	1.0542980764066199
1	7.417255367358716
0	0.0
1	3.859520135078524
1	1.5839102297969023
1	2.8444330017219515
1	0.9515351459298008
1	7.29822715514959
1	5.85405457472682
1	3.285124089017519
0	0.0
0	0.0
1	1.0406251015103634
1	7.013947719678664
0	0.0
1	6.006052761600975
1	1.2001283019955071
1	7.157808113173269
1	1.1679281531308536
1	7.8913729544316675
1	6.3296856957056065
0	0.0
1	1.2435941142565397
0	0.0
1	2.5847538522291718
1	3.165240693271221
0	0.0
0	0.0
0	0.0
1	4.699786341239404
1	7.646833634865662
1	1.1452174193189717
0	0.0
0	0.0
1	1.430849912943513
0	0.0
1	5.335021808251102
0	0.0
