1	7.431053464268922
1	3.4830374100222934
1	1.5103857160609775
1	1.073644450682694
1	1.227664707590764
0	0.0
0	0.0
0	0.0
1	3.4155242792516183
0	0.0
1	3.449999762100139
1	2.8860853312248356
0	0.0
1	1.5831758825396776
0	0.0
1	3.995038035058997
1	8.403124586569941
1	1.1768008805364962
0	0.0
1	1.0126117158890666
0	0.0
1	1.2225062978799266
1	1.0405407282031414
0	0.0
0	0.0
0	0.0
1	0.9616853469115786
0	0.0
0	0.0
1	1.5374044281853978
1	7.70777627177345
0	0.0
0	0.0
0	0.0
1	7.227106747559179
0	0.0
1	6.079166667652572
1	3.2989233489386933
0	0.0
1	1.4873019270039856
1	4.702391287162416
0	0.0
1	3.341377656721338
1	1.0799775512423562
1	1.3027754167743852
1	3.4584094626672965
1	8.543555958195165
0	0.0
1	6.323939244320666
0	0.0
1	7.477759368132488
1	1.384043377378946
0	0.0
1	3.0770674379826044
0	0.0
1	2.645361994500092
1	1.533018197165935
1	3.6067786361033263
1	2.8069065805085183
1	5.715612140833635
0	0.0
0	0.0
1	0.9147595880516268
0	0.0
1	8.435609946486688
1	1.5074463927241601
1	3.5350187645490685
0	0.0
1	3.952929261885025
1	7.071238584318996
0	0.0
1	1.1765815996232303
1	7.366680020063936
0	0.0
1	5.0339917410119925
1	3.4614707509981075
1	1.4404314164205037
1	6.947641419029914
1	3.185233995493501
1	4.470729124291141
0	0.0
0	0.0
1	1.2777133374168903
0	0.0
0	0.0
0	0.0
1	5.593350510184953
1	1.4788956377027223
0	0.0
1	3.9576246567998865
1	4.708427867682156
0	0.0
0	0.0
1	2.943895560661699
1	7.694652594248839
1	1.179633916211693
1	3.510835379771785
1	3.0732335350759143
1	3.148164176273481
1	1.060415568865173
