0	0.0
1	5.147595574352543
0	0.0
1	6.174496090272616
1	6.621932969335598
0	0.0
0	0.0
1	7.554853873002777
1	3.834780211104661
1	5.373782273571327
0	0.0
1	3.9287540887047507
1	6.910297097145437
0	0.0
0	0.0
0	0.0
1	2.9216766974985626
1	0.9583227621997352
1	1.1227242918388356
1	1.3064036849662388
0	0.0
0	0.0
1	0.9209795400726356
1	2.8790754511320253
0	0.0
1	6.971065787593504
1	3.547902282442232
0	0.0
1	8.269261115119031
1	1.3448069486724141
0	0.0
1	1.563718002345111
1	3.4247527247990925
1	7.788515345633437
0	0.0
1	1.1970629466252576
1	2.7825017369858727
1	3.8729416236863874
1	6.693823167593657
1	1.4865628638320607
1	3.8273351705010756
0	0.0
0	0.0
0	0.0
1	1.0571644876505073
1	1.5169223891715164
0	0.0
0	0.0
0	0.0
0	0.0
0	0.0
0	0.0
0	0.0
0	0.0
1	3.849066148970095
1	5.607367978070858
0	0.0
0	0.0
1	1.4879674077015408
1	1.1431817251258796
0	0.0
0	0.0
0	0.0
0	0.0
0	0.0
1	5.792893448975506
0	0.0
1	3.0929170635921444
1	4.8828298038929665
1	3.0096499644213326
0	0.0
0	0.0
1	8.22751206776881
1	4.570770520840112
1	2.365783351001314
0	0.0
1	1.4843797612673524
1	4.949408292820459
0	0.0
1	1.4505228272260906
1	3.6910571377675385
1	2.6030206006533203
1	4.518572030147766
1	1.298685130346727
1	3.1842914107088673
1	3.5969113359600198
1	7.200807997969708
1	5.025042084935861
0	0.0
1	1.587373960265631
1	5.429271174020986
1	2.8188729864175075
1	1.4133792447884694
0	0.0
0	0.0
0	0.0
1	3.3671777924556254
0	0.0
1	3.0346752613342183
1	1.271851153748849
