0	0.0
1	7.06637017863095
0	0.0
1	1.215090396832085
1	2.687447772272048
0	0.0
0	0.0
1	6.02963893937062
1	3.733149823114061
1	3.48484376071441
1	1.1834559538567087
1	6.938522256014206
0	0.0
0	0.0
1	1.3786547346624047
1	1.4656953462895803
1	1.2682195465634796
1	1.2658323655544605
0	0.0
0	0.0
1	2.833847144512426
0	0.0
0	0.0
1	2.959162126253665
1	1.5485903284584963
0	0.0
1	5.064430518697102
0	0.0
1	5.114440538554823
1	5.28759802387938
1	1.0245937390770927
1	4.755464751961662
1	1.1098482566477992
1	0.9745825645741715
0	0.0
1	5.336385825082714
1	8.374451970245438
1	1.156998007170245
0	0.0
1	1.3637522737496184
0	0.0
1	1.4694314183705672
0	0.0
1	3.9699581621206605
1	1.3860792465524088
1	2.4347310456532942
0	0.0
1	7.267790172512062
0	0.0
0	0.0
0	0.0
1	6.8834513409555615
1	3.2460046143211074
1	2.3584661033762013
0	0.0
1	3.222694454091002
1	1.3548936459846161
0	0.0
0	0.0
1	4.855586582226312
0	0.0
0	0.0
0	0.0
0	0.0
1	3.8799656078970997
0	0.0
1	2.9562840168533264
0	0.0
1	1.2902480524098205
0	0.0
1	3.9667628964727286
1	1.4372998101565715
0	0.0
0	0.0
0	0.0
0	0.0
0	0.0
1	2.625379412205134
1	1.3505617370078888
1	1.1776521831239668
1	2.8834814177771446
1	1.1330775796556822
0	0.0
1	1.4934295105353286
0	0.0
1	1.438006011562869
0	0.0
1	5.439250495748199
1	5.960254666015833
0	0.0
1	1.2117599529796548
0	0.0
0	0.0
0	0.0
1	3.6417323394721435
1	5.762493070494213
1	7.123092949190682
0	0.0
1	5.145989772499863
1	3.686520976854179
