1	1.342911606331647
1	1.1607720026953552
1	1.2121090635169478
0	0.0
1	1.0375548830094563
1	2.8782204560371705
1	3.6596150699735968
0	0.0
1	7.518690247994137
1	1.2280692417077401
1	3.950973744700509
1	6.783335556711304
1	0.9303859364632697
0	0.0
0	0.0
0	0.0
1	1.4395235993701898
1	1.5413216286791198
0	0.0
1	6.3140893314792494
0	0.0
0	0.0
0	0.0
1	1.36483666100629
1	6.294532699801104
1	2.862488846900761
1	3.3370214602661474
0	0.0
1	5.425052437994963
1	0.9652811062041244
1	6.7389536372691
0	0.0
0	0.0
0	0.0
1	8.352414336543307
1	1.044713303669988
1	2.510523566321382
1	1.2508234873589847
1	4.890161719991826
0	0.0
1	1.5458237519100808
0	0.0
0	0.0
0	0.0
1	4.698369013610959
1	1.1349493977903542
1	4.934117440690252
1	1.541301262513593
0	0.0
1	6.599029579182478
1	8.253830801451778
1	1.1267784792025846
1	3.86099414482475
1	1.0401347664787854
0	0.0
0	0.0
1	4.595463710032929
1	1.572876784400342
1	3.911892806634892
0	0.0
1	3.2182660402705308
1	1.2826353906161483
0	0.0
1	5.039385220243175
1	7.868475009063817
0	0.0
0	0.0
1	3.2673356966440887
1	1.086082117268143
1	6.202269703286817
0	0.0
1	1.5760599236748623
1	3.288839741834074
0	0.0
0	0.0
0	0.0
0	0.0
0	0.0
1	4.687237739818623
1	2.9151234389350824
1	2.674845519077412
0	0.0
1	6.789208016396188
0	0.0
0	0.0
0	0.0
0	0.0
0	0.0
1	1.1072365737244851
1	2.6364610685970526
1	5.061274337326327
0	0.0
0	0.0
0	0.0
1	1.1508272988871124
0	0.0
1	2.776555780070672
0	0.0
1	1.3362434619454469
0	0.0
