1	1.254280994725077
1	3.496297473349992
1	7.121858721225466
1	1.4148105717927413
1	6.876127719015464
1	2.7534417331759253
1	1.2675223903832724
0	0.0
1	3.5287839267767933
0	0.0
0	0.0
0	0.0
1	1.2564822889529368
1	1.1691700522613502
1	5.439023321221598
0	0.0
0	0.0
1	3.523052050135394
0	0.0
1	6.676342471888795
0	0.0
1	7.14259337356167
1	8.404193796176513
1	3.171105848820717
1	2.8202974367989064
1	8.160727507186529
1	1.1535925219203897
1	7.190882277556139
0	0.0
0	0.0
1	1.294094196990764
1	2.4019751699565046
1	7.854077147892686
1	7.808845041584226
0	0.0
1	3.308414770717622
0	0.0
1	7.615552322834935
1	2.8001139821378676
1	3.7458484180891833
0	0.0
1	8.4389199603569
0	0.0
1	3.3312062747427285
1	3.2588236689799492
1	3.677721067920705
1	2.8364471174029076
1	3.6673233395545606
1	1.5948653545282947
1	1.217938194458311
1	8.005073743429065
1	5.557765282983948
0	0.0
1	5.149380901164904
1	5.059248425077215
1	5.336121052678467
1	5.38039336551487
1	7.6957630755201505
1	7.198493026303327
1	1.4217995217041945
1	1.5329631979620775
1	1.2458000598306969
0	0.0
0	0.0
0	0.0
0	0.0
0	0.0
0	0.0
0	0.0
1	2.414828737254288
0	0.0
0	0.0
1	3.938664750443293
0	0.0
1	8.006196861219687
1	4.756719429616855
1	1.2008425899485375
1	6.255406126542165
1	1.4709285265333936
1	1.3084767624887665
1	1.192924105243157
1	7.08166123470011
1	1.4280158475637172
1	1.4779375478556163
0	0.0
1	1.3092356759246822
0	0.0
0	0.0
1	1.3069026410095024
1	1.0725266371711353
1	7.745338007974041
0	0.0
1	2.7122759407959
1	4.509025237929678
1	0.9614695031358004
1	1.4879221552594668
1	1.3917598677466287
1	2.7492769817859855
1	3.466801547128516
0	0.0
