0	0.0
0	0.0
0	0.0
1	2.295081714823902
0	0.0
0	0.0
1	3.14272971524279
0	0.0
1	7.117990060842874
0	0.0
1	2.9343619990963283
1	1.085001809281722
1	3.4290830304666042
1	7.104247935555658
1	6.625345401925476
1	3.962180899821676
1	4.690072953021708
0	0.0
1	2.5181324306459123
0	0.0
0	0.0
0	0.0
0	0.0
1	1.5405638736003455
0	0.0
1	2.6709731845454794
1	1.2574690034256748
1	3.169445591377096
0	0.0
0	0.0
1	3.7421490903800665
0	0.0
0	0.0
1	8.448991348977932
1	7.199566955365118
0	0.0
1	2.8503539986545063
1	1.2610616527811125
1	2.3094517356820567
1	2.862166991451191
0	0.0
1	3.1086986053107903
1	0.9877023976237582
0	0.0
1	3.4616001585387
1	3.1620305233467967
0	0.0
1	0.9843964476334084
1	2.37988374324136
1	1.3672431868701294
1	4.58547336886839
1	4.482634312743078
0	0.0
1	1.4331982885040304
0	0.0
0	0.0
0	0.0
1	5.568336767436184
1	2.9490279601964784
1	6.979132055156949
1	5.468531421568176
0	0.0
1	7.026904975321359
1	7.394237798326936
1	2.712174939292269
0	0.0
1	2.865890555907035
1	5.66548577572686
0	0.0
1	1.3655488604943407
0	0.0
1	5.801118957268564
1	1.5923940244258312
1	3.6624785819741352
1	1.33675369599016
1	5.524904787943863
0	0.0
1	1.1389810833886618
0	0.0
1	1.346670003744915
1	3.042791383063318
0	0.0
0	0.0
1	2.8573644436609094
1	1.2813513436537929
1	7.634151771844419
1	5.764053598861178
0	0.0
1	3.491425105821213
1	3.6555799023544986
0	0.0
1	2.6808326511931644
1	3.484062841745916
0	0.0
1	6.074293228905067
1	1.4768047654512984
1	3.17649352010978
1	2.781989904106799
0	0.0
1	4.978671141183759
