0	0.0
1	5.579425701770203
0	0.0
0	0.0
0	0.0
1	5.512955645837554
0	0.0
1	1.4896866356888716
0	0.0
1	1.2932119964856295
0	0.0
1	2.3666668062639
0	0.0
0	0.0
1	5.801372064749458
1	2.864544577640266
0	0.0
1	2.3499182867265587
0	0.0
1	5.949082334117475
0	0.0
1	0.9381593122392687
1	6.264440848249361
1	5.657984584524686
1	8.077907757696542
0	0.0
1	1.3083679995974347
1	4.819073426052767
0	0.0
0	0.0
1	1.1326398798173236
0	0.0
1	1.0791830665892217
0	0.0
1	8.256792399087498
1	5.563364283619535
0	0.0
1	8.357447017944377
1	6.746233714394707
1	7.643454990727694
0	0.0
1	4.512440550676287
1	7.890148295243671
0	0.0
0	0.0
0	0.0
0	0.0
1	6.021367062862937
0	0.0
0	0.0
0	0.0
0	0.0
1	8.101227934618336
1	4.4926155430310635
0	0.0
1	7.754676014802493
1	1.5871172272575804
1	1.5899301421271792
0	0.0
1	1.0244864435027083
1	1.5865446966495766
1	6.956182729678491
1	5.429211575747736
1	3.3554105234721106
1	3.7208945216960587
0	0.0
0	0.0
1	5.176363926548076
0	0.0
1	7.1623428122048365
1	5.864890159161943
1	1.2721719290883744
1	1.2624902152892301
1	7.29895541345695
0	0.0
0	0.0
1	6.323718594878603
0	0.0
1	5.101248669423604
0	0.0
1	1.5790767281261946
1	3.5120130939665293
1	4.4924858070733595
0	0.0
1	1.2142347365231276
1	2.395072990151782
1	1.4613180747816528
1	3.025092627987943
1	7.3558824202208895
0	0.0
0	0.0
1	3.2867630034720827
1	2.7821238553760312
1	3.359496720126774
0	0.0
1	6.074375813599522
0	0.0
1	5.231538556108321
1	3.206397405926935
0	0.0
