1	3.1398082800630633
1	6.628824322462121
1	2.825258284936668
1	7.468445118268173
1	3.365935219017247
1	2.965759137944713
0	0.0
1	1.118638735208084
1	2.316495410875866
1	8.257120584000612
1	2.398502042522546
1	1.0608599975381807
1	1.5020810127116837
1	2.3171665115372972
1	8.288919116962786
1	1.1370048269928383
0	0.0
1	8.138343627468204
1	1.1276589989922012
0	0.0
0	0.0
0	0.0
1	8.225305377105032
0	0.0
1	6.07026715169973
1	3.1186410397759485
1	1.1179456925193811
0	0.0
1	1.0473486452630953
0	0.0
1	1.2770899727512557
0	0.0
1	2.501715742899631
1	3.7225414133166326
1	1.4421663639082736
1	4.7275766839816304
1	7.076365603839685
0	0.0
1	3.880204297321041
0	0.0
0	0.0
0	0.0
0	0.0
0	0.0
1	6.6479421814056305
0	0.0
1	7.750642983471236
1	0.9585280506559092
1	7.041905052830739
1	3.8091354970191196
0	0.0
1	1.328572856628762
0	0.0
0	0.0
0	0.0
0	0.0
1	6.793934047683268
1	3.9741034370155903
0	0.0
1	7.935682725659167
1	8.54733907869243
1	7.426559340431329
1	5.349969686046156
1	3.3749429249852954
0	0.0
1	7.497063256918717
0	0.0
1	8.331481507490954
1	4.479056769444838
0	0.0
0	0.0
0	0.0
0	0.0
0	0.0
0	0.0
0	0.0
1	6.758048697376763
1	6.814970444054863
0	0.0
1	8.396841256269985
0	0.0
0	0.0
0	0.0
1	1.4185373712054408
1	0.9822081757223929
0	0.0
0	0.0
1	3.086969533221648
0	0.0
1	7.044979058346944
1	2.9857121335007406
0	0.0
1	3.106632455008684
1	2.4297660164223482
1	3.7276450775528533
1	1.4418220735636509
1	7.7088404627502065
1	2.292082336627291
1	1.1733716444454534
0	0.0
