1	6.869839435500077
0	0.0
0	0.0
1	8.204228583505062
1	3.337304681812337
1	6.066519802287318
1	2.286542898940907
1	3.002087308237909
1	1.191529675852513
0	0.0
1	5.838566997502546
0	0.0
1	1.066873714853076
1	2.7897353623403016
0	0.0
1	2.8047597761740795
1	1.189238570850833
1	1.4013402871201408
1	0.975058616106583
1	3.1413340937695517
0	0.0
1	2.362754360424882
1	2.280191915259531
1	1.3182415754991301
1	1.4221507473409334
1	1.041870292660863
0	0.0
0	0.0
0	0.0
0	0.0
0	0.0
0	0.0
0	0.0
1	4.843707535477503
0	0.0
0	0.0
1	1.0264617780231644
0	0.0
1	3.1917084176789046
1	6.029415949440472
1	7.990314764089748
1	0.9784410391372628
0	0.0
1	1.494859682733721
0	0.0
1	1.0194402615851041
1	4.675959158611388
1	5.036548354364987
0	0.0
1	7.231058736243825
0	0.0
0	0.0
1	2.6036951884758923
1	1.0561615571463148
1	1.3322392240522145
0	0.0
1	6.026871523363905
1	2.7034029874766694
0	0.0
0	0.0
0	0.0
1	3.8119931620825724
1	1.0897016378942421
1	1.1305289083907168
1	0.9848903737981143
0	0.0
1	1.1827817160695595
0	0.0
0	0.0
1	7.158693666132397
1	3.878339165090394
0	0.0
1	3.844787058336355
1	8.453136018608717
0	0.0
0	0.0
1	3.8862800614491313
0	0.0
1	1.4124582283424676
0	0.0
1	6.77964513512622
1	2.724421643685903
1	3.7640183461028847
0	0.0
1	3.7682916394533263
1	3.9120489218086836
1	5.509328941707791
0	0.0
1	1.3972814873125574
1	5.267320247707844
0	0.0
1	6.357604202536433
1	8.295490208974122
1	5.5473645089035095
1	8.240376366689706
0	0.0
0	0.0
1	1.386090366522693
0	0.0
1	4.684653042532561
